      48.6677
      48.6453
      48.6230
      48.6186
      48.5962
      48.5739
      48.5516
      48.5471
      48.5248
      48.4980
      48.5025
      48.4757
      48.4534
      48.4489
      48.4266
      48.4043
      48.3999
      48.3776
      48.3508
      48.3553
      48.3285
      48.3062
      48.3017
      48.2794
      48.2571
      48.2526
      48.2303
      48.2035
      48.2081
      48.1813
      48.1590
      48.1545
      48.1322
      48.1099
      48.1054
      48.0831
      48.0563
      48.0609
      48.0341
      48.0118
      48.0072
      47.9850
      47.9627
      47.9582
      47.9359
      47.9091
      47.9136
      47.8868
      47.8645
      47.8600
      47.8377
      47.8154
      47.8109
      47.7886
      47.7663
      47.7395
      47.7172
      47.6950
      47.6904
      47.6681
      47.6458
      47.6413
      47.6190
      47.5921
      47.5967
      47.5698
      47.5476
      47.5429
      47.5207
      47.4984
      47.4938
      47.4715
