       8.2816162       8.2637415       8.2637415       8.2816162       7.9956212
       7.8526235       7.8526235       7.9956212       7.3700061       7.5845022
       7.3700061       7.5845022       8.1386185       8.1207438       8.1207438
       8.1207438       8.2458668       8.1922426       8.1743679       8.1922426
       8.1743679       8.0671196       8.0671196       8.0671196       8.0671196
       8.1743679       8.1386185       8.1743679       8.1386185       8.3173656
       8.2994919       8.3173656       8.3173656       8.2101173       8.2101173
       8.2101173       8.1564941       8.2101173       8.0492449       8.0492449
       8.0849953       8.0849953       8.0134954       7.9956212       7.9956212
       7.9777465       7.9956212       7.6917510       7.6917510       7.6917510
       8.0134954       7.9956212       8.0134954       8.0134954       8.0492449
       8.0492449       8.0492449       7.9956212       8.0134954       7.9956212
       7.9956212       8.0134954       7.8883724       7.9777465       7.8883724
       7.9777465       7.9241223       7.9956212       7.9956212       7.9956212
       7.0840106       7.3878808
       8.2101173       8.2101173       8.2101173       8.1028690       7.5308785
       7.5308785       7.5308785       7.3521309       8.2101173       7.9419966
       8.2101173       7.9419966       8.0671196       8.1386185       8.1386185
       8.1386185       8.1922426       8.1207438       8.0849953       8.1207438
       8.0849953       8.2279930       8.1922426       8.1922426       8.2279930
       8.2279930       8.2279930       8.1564941       8.2279930       8.2637415
       8.2637415       8.2816162       8.2816162       8.2458668       8.2279930
       8.2279930       8.2279930       8.2279930       7.8704977       7.8704977
       7.9777465       7.9777465       8.0492449       8.0313702       8.0313702
       7.9241223       8.0313702       7.9241223       7.9241223       7.9241223
       7.9777465       7.9777465       7.9956212       7.9956212       7.9062476
       7.9598713       7.9598713       7.9419966       7.8526235       7.8526235
       7.8526235       7.8526235       7.9062476       7.8883724       7.9062476
       7.8883724       7.9241223       7.8883724       7.8883724       7.6560011
       7.5130033       7.6560011
       8.2637415       8.2637415       8.2637415       8.2279930       8.1922426
       8.1922426       8.1922426       8.1922426       8.4424887       8.4067392
       8.4424887       8.4424887       8.2458668       8.1386185       8.1386185
       8.2816162       8.2637415       8.2637415       8.2458668       8.2637415
       8.2101173       8.2101173       8.2101173       8.2101173       8.3352404
       8.3352404       8.3352404       8.2994919       8.3352404       8.3173656
       8.3173656       8.2816162       8.2816162       8.2994919       8.2816162
       8.2816162       8.0849953       8.0849953       8.0849953       8.0849953
       7.9241223       7.9777465       7.9777465       8.0671196       8.0671196
       8.0849953       8.0492449       8.0849953       8.0849953       8.0134954
       7.9598713       7.9598713       7.9777465       7.9777465       7.8883724
       7.8704977       7.9419966       7.9777465       7.9419966       7.9419966
       8.0492449       8.0671196       8.0671196       7.9777465       8.0671196
       7.9777465       7.9777465       7.9062476       7.9062476       7.8526235
       7.7811246       7.7811246
       8.2816162       8.2816162       8.3352404       8.3531151       8.3531151
       8.3531151       8.2458668       8.3531151       8.3531151       8.4424887
       8.3531151       8.3709908       8.3709908       8.2458668       8.2458668
       8.2994919       8.2816162       8.2816162       8.2279930       8.2994919
       8.2279930       8.2279930       8.2101173       8.3173656       8.3173656
       8.3352404       8.3352404       8.2994919       8.2994919       8.2994919
       8.2994919       8.3173656       8.3173656       8.3173656       8.2994919
       8.2994919       8.1743679       8.1743679       8.1743679       8.1743679
       7.9777465       7.9777465       7.9777465       7.9777465       8.0492449
       8.0492449       8.0492449       8.0492449       7.9777465       7.9956212
       7.9956212       7.9956212       7.9598713       7.9419966       7.9419966
       7.8883724       8.0492449       8.0492449       7.9777465       7.9777465
       7.9777465       8.0492449       8.0492449       8.0134954       8.0134954
       8.0134954       8.0134954       7.9777465       7.8704977       7.8704977
       7.8526235       7.8526235
       8.2994919       8.2994919       8.3888645       8.3352404       8.3352404
       8.3352404       8.2994919       8.2279930       8.2279930       8.2279930
       8.2279930       7.9956212       7.9956212       8.2279930       8.2458668
       8.2458668       8.2458668       8.2458668       8.2816162       8.2279930
       8.2816162       8.2816162       8.2816162       8.3352404       8.3352404
       8.3173656       8.3173656       8.3173656       8.2994919       8.3173656
       8.3173656       8.3173656       8.2816162       8.2816162       8.3173656
       8.1386185       8.1386185       8.1207438       8.1386185       8.2458668
       8.2279930       8.2279930       8.2279930       8.1564941       8.0313702
       8.0492449       8.0313702       8.0492449       7.9777465       7.8347487
       7.8347487       7.8347487       7.9062476       8.0313702       8.0313702
       8.0134954       7.9956212       7.9956212       8.0134954       7.9598713
       7.9598713       7.9062476       7.9062476       7.8168736       7.8704977
       7.8168736       7.8168736       7.8168736       7.7989988       7.7989988
       7.7632499       7.7632499
       8.0849953       8.1922426       8.1922426       8.3173656       8.3173656
       8.2816162       8.2816162       8.2994919       8.2994919       8.2101173
       8.2279930       8.2101173       8.2101173       8.0492449       8.2279930
       8.2279930       8.2279930       8.2279930       8.0849953       7.9419966
       8.0849953       8.0849953       8.0849953       8.3352404       8.3352404
       8.3352404       8.2816162       8.2816162       8.2816162       8.2816162
       8.2279930       8.2816162       8.2816162       8.2816162       8.2816162
       7.9956212       8.1028690       7.9956212       8.1028690       8.1207438
       8.2101173       8.2101173       8.2101173       8.2101173       8.1922426
       8.0671196       8.1922426       8.0849953       8.0849953       8.0849953
       8.0849953       8.0849953       8.0671196       8.0671196       8.0671196
       8.0134954       8.0134954       8.0134954       7.9956212       8.0671196
       8.0671196       8.0134954       8.0134954       7.9241223       7.9419966
       7.9241223       7.9241223       7.8883724       7.8883724       7.8883724
       7.8704977       7.4593797
       7.9598713       8.1743679       8.1743679       8.2101173       8.1743679
       8.1207438       8.1207438       8.1743679       8.1207438       8.2279930
       8.1564941       8.2279930       8.1564941       8.2279930       8.2101173
       8.2101173       8.2458668       8.2101173       8.1028690       8.2279930
       8.1028690       8.3173656       8.3352404       8.3352404       8.3352404
       8.3352404       8.3173656       8.3173656       8.3173656       8.3173656
       8.1743679       8.1386185       8.1386185       8.1386185       8.1922426
       8.0671196       8.0492449       8.0671196       8.0671196       8.1564941
       8.0134954       8.0134954       8.1564941       8.1207438       8.1207438
       8.1564941       8.1207438       8.1386185       8.1386185       8.1564941
       8.1564941       7.9062476       7.9598713       7.9598713       7.9598713
       7.8883724       7.8883724       7.8883724       7.8883724       7.8704977
       7.8704977       7.9419966       7.7811246       7.7989988       7.7811246
       7.7989988       7.7989988       7.7989988       7.7989988       7.7989988
       7.8347487       7.5487533
       7.9598713       8.2458668       8.2458668       8.2279930       8.1743679
       8.1743679       8.1743679       8.1564941       8.2101173       8.1386185
       8.2101173       8.1386185       8.1922426       8.1922426       8.1922426
       8.1922426       8.1922426       8.2458668       8.2279930       8.2458668
       8.2279930       8.2994919       8.3352404       8.3352404       8.3352404
       8.3352404       8.3352404       8.3352404       8.3352404       8.3352404
       8.2994919       8.2637415       8.2637415       8.2101173       8.2279930
       8.2279930       8.1564941       8.2279930       8.1386185       8.1386185
       8.1564941       8.1564941       8.1922426       8.1564941       8.1564941
       8.1207438       8.1564941       8.1386185       8.1386185       8.1564941
       8.1386185       8.0492449       7.9419966       7.9419966       7.9777465
       7.8526235       7.8526235       7.8347487       7.7632499       7.7632499
       7.7632499       7.7989988       7.7632499       7.7811246       7.7632499
       7.7811246       7.7453752       7.7632499       7.7632499       7.7632499
       7.6560011       7.6560011
       8.2816162       8.2816162       8.2994919       8.2279930       8.2279930
       8.2279930       8.3173656       8.3352404       8.3352404       8.2816162
       8.3352404       8.2637415       8.2637415       8.2816162       8.2458668
       8.2816162       8.2458668       8.2458668       8.1207438       8.1743679
       8.1743679       8.1743679       8.1207438       8.1207438       8.1028690
       8.1207438       8.1207438       8.2101173       8.2101173       8.2101173
       8.2101173       8.2279930       8.1564941       8.1564941       8.2101173
       8.1028690       8.1028690       8.1386185       8.1028690       8.0849953
       8.0849953       8.0849953       8.0849953       8.0849953       8.0313702
       8.0313702       7.9956212       8.0313702       7.9598713       7.9956212
       7.9598713       7.9598713       7.9956212       8.2279930       8.1386185
       8.4424887       8.3709908       8.3709908       8.4424887       8.3888645
       8.4246140       8.3888645       8.3888645       8.0492449       7.9062476
       7.9062476       7.9062476       8.0492449       7.0840106       7.1555095
       7.0840106       7.0840106
       8.3173656       8.3352404       8.3352404       8.2994919       8.2994919
       8.3352404       8.3352404       8.3173656       8.3173656       8.2458668
       8.2279930       8.2458668       8.2458668       8.2637415       8.2816162
       8.2816162       8.2816162       8.2816162       8.2279930       8.2279930
       8.2279930       8.2279930       8.1028690       8.1207438       8.1207438
       8.1028690       8.2279930       8.2279930       8.2279930       8.2279930
       8.1564941       8.1564941       8.1564941       8.1564941       8.1564941
       8.1564941       8.1386185       8.1564941       8.1386185       7.9419966
       7.9956212       7.9956212       7.9956212       7.9956212       7.9419966
       7.9956212       7.9419966       7.9956212       8.0313702       7.9956212
       7.9956212       8.0849953       8.1386185       8.0849953       8.0849953
       8.3709908       8.2637415       8.2637415       8.3709908       8.4246140
       8.3888645       8.4246140       7.8526235       7.8526235       7.7811246
       7.8526235       7.0840106       7.1555095       7.0840106       7.0840106
       7.1555095       6.8158903
       8.3352404       8.2101173       8.2101173       8.2994919       8.2994919
       8.0313702       8.0313702       8.2816162       8.2816162       8.2816162
       8.2458668       8.2816162       8.2816162       8.2637415       8.2101173
       8.2101173       8.2637415       8.2101173       8.2101173       8.1386185
       8.2101173       8.1743679       8.2279930       8.2279930       8.2279930
       8.2279930       8.2994919       8.2637415       8.2994919       8.2637415
       8.1564941       8.1386185       8.1386185       8.1386185       8.1386185
       8.1028690       8.1386185       8.1028690       7.9419966       7.9777465
       7.9419966       7.9419966       7.8347487       7.8704977       7.8347487
       7.8704977       7.8347487       7.9956212       8.0134954       7.9956212
       7.9956212       7.9777465       7.8883724       7.8883724       7.8883724
       8.0313702       8.0313702       8.0313702       8.2101173       8.0492449
       8.0492449       8.2101173       8.0134954       8.0134954       8.0492449
       8.0134954       7.0303864       7.2985072       7.0303864       7.0303864
       7.2985072       6.8873887
       8.0492449       8.0492449       7.8883724       7.8883724       7.8883724
       7.8883724       7.1733842       7.1733842       7.1733842       7.1018853
       7.1733842       7.2806320       7.2806320       7.1018853       6.7980151
       7.0482616       6.7980151       6.7980151       6.6728926       6.8516393
       6.8516393       6.8516393       6.6728926       6.7265162       6.7443914
       6.7265162       6.7265162       6.7086415       6.7265162       6.7265162
       6.7265162       6.7980151       6.7980151       6.7622652       6.7980151
       6.8158903       6.8158903       6.8158903       6.8158903       7.9956212
       7.9956212       7.9956212       7.9956212       7.2448831       7.6738763
       7.6560011       7.6738763       7.6738763       8.1207438       8.2458668
       8.2458668       8.1028690       8.1386185       8.1386185       8.1028690
       8.1743679       8.1743679       8.2816162       8.1743679       8.1922426
       8.1922426       8.2279930       8.1922426       8.1207438       7.9956212
       8.1207438       7.9956212       7.9419966       7.9419966       7.8883724
       7.9419966       7.8526235
       6.8158903       7.1555095       7.1555095       6.7622652       6.7622652
       6.9231381       6.7086415       6.7086415       6.7086415       6.7086415
       6.7086415       6.7086415       6.7265162       6.7086415       6.7086415
       6.6907668       6.6907668       6.6907668       6.7086415       6.6907668
       6.8695140       6.8695140       6.7980151       6.8695140       7.2448831
       7.5487533       7.2448831       6.8873887       7.2448831       6.8873887
       6.8337641       6.8873887       6.8873887       6.8873887       6.9946370
       6.8873887       7.6381269       7.2806320       7.6381269       7.2806320
       7.6381269       8.2637415       8.2637415       8.2637415       8.2637415
       7.9956212       8.0849953       8.0849953       7.7275000       7.8883724
       7.8883724       7.7275000       7.8883724       8.3531151       8.3531151
       8.3531151       8.4424887       8.4424887       8.4782381       8.4424887
       8.3531151       8.3173656       8.3173656       8.1564941       8.3531151
       8.1564941       8.1922426       8.1564941       7.9777465       7.9777465
       8.0671196       7.9777465
       7.5308785       7.5308785       6.9588876       7.0661354       6.9588876
       6.9588876       6.9410129       6.7980151       6.9410129       6.7980151
       6.9410129       6.7265162       6.7622652       6.7265162       6.7265162
       6.6728926       6.6907668       6.6728926       6.7980151       6.7265162
       6.7265162       6.7265162       6.7980151       6.7622652       6.7086415
       6.7622652       6.7622652       6.8695140       6.8695140       6.8695140
       6.8695140       6.8695140       6.8158903       6.8158903       6.8158903
       6.8158903       7.0840106       7.2448831       7.2448831       7.6560011
       7.6023774       7.6023774       7.6560011       7.6023774       8.2816162
       8.1922426       8.2816162       8.2816162       8.1207438       8.0134954
       8.0134954       8.1207438       8.0134954       8.2458668       8.2458668
       8.2816162       8.2816162       8.2279930       8.2816162       8.2994919
       8.2994919       8.3709908       8.2994919       8.1207438       8.0492449
       8.1207438       8.0492449       8.1207438       7.9598713       7.9598713
       7.9777465       7.9598713
       7.8883724       7.8883724       7.1733842       7.1733842       7.1733842
       7.1733842       7.2806320       7.2806320       7.2806320       6.7980151
       7.0482616       7.0482616       7.0482616       6.7980151       6.8516393
       7.3700061       6.8516393       6.8516393       6.7265162       6.7443914
       6.7443914       6.7443914       6.7265162       6.7265162       6.7801404
       6.7265162       6.7265162       6.7980151       6.7622652       6.7622652
       6.8158903       6.8158903       6.8158903       6.8158903       6.8158903
       7.9956212       7.9956212       7.9598713       7.9956212       7.6738763
       7.6738763       7.6738763       7.6738763       7.6738763       8.1207438
       8.2458668       8.1207438       8.1028690       8.1028690       8.1386185
       8.1028690       8.2816162       8.1743679       8.1743679       8.2816162
       8.1922426       8.1922426       8.1564941       8.1922426       7.9956212
       7.9956212       8.1207438       7.9956212       7.9419966       7.8883724
       7.8883724       7.8883724       7.8526235       7.8526235       7.8347487
       7.8526235       7.5845022
       6.7265162       7.1912589       6.8516393       7.1912589       7.1912589
       6.7622652       6.7622652       6.7443914       6.7622652       6.7265162
       6.7443914       6.7265162       6.7443914       6.7086415       6.7086415
       6.7086415       6.7086415       6.7980151       6.7622652       6.7980151
       6.7980151       7.5666280       7.3342566       7.3342566       7.5666280
       7.3342566       6.8695140       6.8695140       6.8695140       6.8695140
       7.4236298       7.5130033       7.4236298       7.4236298       7.6917510
       7.6917510       7.6917510       7.8883724       8.2279930       8.2279930
       8.2279930       8.2279930       8.0492449       8.1386185       8.1386185
       8.1386185       8.0492449       8.4961128       8.4961128       8.4603634
       8.4961128       8.7106094       8.6569853       8.7106094       8.4424887
       8.3352404       8.4424887       8.2994919       8.2279930       8.2279930
       8.2994919       8.2279930       8.2279930       8.2637415       8.2279930
       8.2279930       8.1922426       8.1922426       8.1922426       8.1922426
       7.7811246       7.7811246
       6.7622652       6.7622652       6.9231381       6.7622652       6.7086415
       6.7086415       6.7086415       6.7086415       6.7086415       6.7086415
       6.7265162       6.7086415       6.6907668       6.6907668       6.6907668
       6.6907668       6.7086415       6.8695140       6.7980151       6.8695140
       6.8695140       7.2448831       7.5487533       7.2448831       7.2448831
       6.8873887       6.8873887       6.8873887       6.8337641       6.8873887
       6.8873887       6.9946370       6.8873887       7.2806320       7.6381269
       7.6381269       7.6381269       7.2806320       8.2637415       8.2637415
       8.2637415       8.2637415       8.0849953       7.9956212       8.0849953
       7.8883724       7.7275000       7.8883724       7.7275000       7.8883724
       8.3531151       8.3531151       8.6033621       8.3531151       8.4424887
       8.4782381       8.4424887       8.3531151       8.3173656       8.3173656
       8.3531151       8.1564941       8.1564941       8.1564941       8.1922426
       7.9777465       7.9777465       8.0671196       7.9777465       7.8883724
       7.8347487       7.8347487
       7.2091331       6.8337641       6.7086415       6.7980151       6.7980151
       6.7086415       6.8695140       6.9946370       6.9946370       6.9946370
       6.8695140       6.9231381       6.9231381       6.9231381       6.9231381
       6.6550174       6.7265162       6.7265162       6.7265162       6.6550174
       7.1912589       7.1912589       6.9410129       7.3700061       7.3700061
       7.4772544       7.3700061       7.0303864       6.8516393       7.0303864
       6.8516393       7.0303864       7.3700061       7.3700061       7.7096257
       7.3700061       8.4424887       8.5139875       8.4424887       8.5139875
       8.3352404       8.3352404       8.3352404       7.7989988       8.4782381
       8.4067392       8.4782381       8.4067392       8.4246140       8.3173656
       8.3173656       8.3173656       8.3173656       8.2279930       8.2279930
       8.2279930       8.1386185       8.1386185       8.1564941       8.1386185
       8.0849953       8.1028690       8.1028690       8.0849953       8.1386185
       8.0849953       8.0849953       8.0671196       7.8883724       7.8883724
       7.8704977       7.8883724
       6.7801404       6.7980151       6.6907668       6.7086415       6.7086415
       6.6907668       6.7086415       6.7980151       6.7980151       6.7980151
       6.7086415       6.7443914       6.7086415       6.7443914       6.6371427
       6.6371427       6.5656438       6.6371427       7.1555095       6.8158903
       7.1555095       6.8158903       7.1555095       7.5666280       7.5666280
       7.4593797       7.5666280       6.8158903       6.8158903       6.8158903
       6.8158903       7.0303864       7.0303864       7.0303864       7.2091331
       8.4961128       8.5854864       8.4961128       8.4961128       8.2994919
       8.3352404       8.3352404       8.2994919       8.3352404       8.7106094
       8.6391106       8.7106094       8.7106094       8.4961128       8.4424887
       8.4424887       8.4961128       8.2637415       8.2637415       8.2637415
       8.0492449       8.0492449       8.0492449       8.0492449       8.1386185
       8.1386185       8.0849953       8.1386185       8.1743679       8.1564941
       8.1743679       8.1564941       8.1743679       7.8168736       7.8168736
       7.8704977       7.6917510
       7.1912589       7.1912589       6.7622652       6.7443914       6.7443914
       6.7622652       6.7443914       6.7265162       6.7265162       6.7086415
       6.7443914       6.7086415       6.7086415       6.7086415       6.7980151
       6.7980151       6.7622652       6.7980151       7.3342566       7.5666280
       7.3342566       7.5666280       7.3342566       6.8695140       6.8695140
       6.8695140       6.8695140       7.5130033       7.4236298       7.4236298
       7.4236298       7.6917510       7.6917510       7.8883724       7.6917510
       8.2279930       8.2279930       8.2279930       8.2279930       8.0492449
       8.1386185       8.1386185       8.0492449       8.1386185       8.4961128
       8.4603634       8.4961128       8.4961128       8.7106094       8.6569853
       8.7106094       8.4424887       8.3352404       8.3352404       8.4424887
       8.2279930       8.2279930       8.2994919       8.2279930       8.2279930
       8.2279930       8.2637415       8.2279930       8.1922426       8.1922426
       8.1922426       8.1922426       7.7811246       7.7811246       7.7811246
       7.7811246       7.6917510
       7.4057555       7.0303864       7.0303864       7.2270083       7.0303864
       7.9062476       7.9062476       7.9062476       6.9410129       6.8516393
       6.9410129       6.8516393       6.7443914       6.7622652       6.7622652
       6.7443914       6.7622652       6.8695140       6.8873887       6.8695140
       6.8695140       7.5487533       7.3163819       7.3163819       7.5487533
       7.3163819       7.7096257       7.7096257       7.7096257       8.1207438
       8.1207438       8.2637415       8.2637415       8.5139875       8.3709908
       8.3709908       8.3709908       8.3709908       7.6738763       7.6738763
       8.1922426       7.6738763       8.3709908       8.1922426       8.1922426
       8.3173656       8.3709908       8.3173656       8.3173656       8.3531151
       8.2279930       8.2279930       8.1564941       8.1564941       8.1207438
       8.1207438       8.1207438       8.1207438       8.0849953       8.0849953
       8.0849953       8.0849953       8.0849953       8.1028690       8.0849953
       8.0849953       7.9062476       7.9777465       7.9777465       7.9062476
       7.9598713       7.9598713
       6.7980151       6.7980151       6.7086415       6.7980151       6.9946370
       6.9946370       6.8695140       6.9946370       6.9231381       6.9231381
       6.9231381       6.9231381       6.6550174       6.7265162       6.7265162
       6.6550174       6.7265162       7.1912589       6.9410129       7.1912589
       7.3700061       7.3700061       7.4772544       7.3700061       6.8516393
       7.0303864       7.0303864       7.0303864       6.8516393       7.3700061
       7.3700061       7.7096257       7.3700061       8.5139875       8.4424887
       8.4424887       8.3352404       8.5139875       8.3352404       8.3352404
       7.7989988       8.4782381       8.4782381       8.4067392       8.4067392
       8.3173656       8.4246140       8.3173656       8.3173656       8.3173656
       8.2279930       8.2279930       8.2816162       8.2279930       8.1386185
       8.1564941       8.1386185       8.0849953       8.1028690       8.1028690
       8.1386185       8.0849953       8.0849953       8.0671196       8.0849953
       7.8883724       7.8883724       7.8704977       7.8883724       7.7275000
       7.7989988       7.7989988
       7.1555095       7.4772544       7.4772544       6.9946370       7.4772544
       6.7622652       6.7622652       6.7443914       6.7622652       6.7622652
       6.7622652       6.7622652       6.7622652       6.7622652       6.8337641
       6.8337641       6.9231381       6.9767628       6.9052629       6.9767628
       6.9052629       7.7096257       7.5130033       7.5130033       7.5130033
       7.5130033       8.2279930       8.1922426       8.2279930       8.2279930
       7.9419966       8.2279930       8.2279930       7.9419966       8.3888645
       8.3888645       8.3173656       8.3888645       8.1028690       8.1028690
       8.2816162       8.2816162       8.3531151       8.3173656       8.3173656
       8.2994919       8.3173656       8.1922426       8.1922426       8.2279930
       8.1922426       8.1386185       8.1386185       8.1386185       8.1386185
       8.0849953       8.0849953       8.1028690       8.1386185       8.1386185
       8.1386185       8.1564941       7.9956212       7.9956212       7.9956212
       7.9956212       7.9777465       7.9956212       7.9956212       7.9777465
       8.0134954       8.0134954
       7.9062476       7.9062476       7.9062476       7.9062476       6.8516393
       6.8516393       6.8516393       6.8516393       6.7622652       6.7622652
       6.7622652       6.7622652       6.8695140       6.8873887       6.8873887
       6.8695140       6.8873887       7.3163819       6.9767628       7.3163819
       7.3163819       7.7096257       7.7096257       7.7096257       8.1207438
       8.2637415       8.2637415       8.2279930       8.2637415       8.3709908
       8.3709908       7.9419966       8.3709908       7.6738763       8.1922426
       8.1922426       8.1922426       7.6738763       8.1922426       8.1922426
       8.1028690       8.3173656       8.3173656       8.3531151       8.3531151
       8.1564941       8.2279930       8.1564941       8.1564941       8.1922426
       8.1207438       8.1207438       8.1386185       8.1207438       8.0849953
       8.1028690       8.0849953       8.0849953       8.1028690       8.1028690
       8.0849953       7.9777465       7.9777465       7.9956212       7.9777465
       7.9598713       7.9598713       7.9777465       7.9777465       7.9598713
       8.0134954       8.0134954
       6.9052629       6.9052629       6.9052629       6.9052629       6.8158903
       6.8158903       6.8158903       6.8158903       7.0661354       7.4951296
       7.0661354       7.0661354       7.2091331       7.8883724       7.8883724
       7.2091331       8.2816162       8.2816162       8.2458668       8.2816162
       7.5487533       7.5487533       7.7453752       7.7453752       8.3531151
       8.5854864       8.5854864       8.6927347       8.5854864       8.4782381
       8.4782381       8.5318623       8.4782381       8.3173656       8.2994919
       8.2994919       8.2458668       8.3173656       8.2458668       8.2458668
       8.2637415       8.2101173       8.2101173       8.1922426       8.1922426
       8.2279930       8.2279930       8.2279930       8.2279930       8.2279930
       8.1743679       8.1743679       7.9777465       8.1207438       8.1207438
       8.0849953       8.1386185       8.1386185       8.1564941       8.1564941
       8.0849953       8.1386185       8.1386185       8.1207438       8.1386185
       8.0492449       8.0492449       8.0313702       8.0492449       7.9598713
       8.0134954       8.0134954
       6.9946370       7.4772544       6.7622652       6.7443914       6.7443914
       6.7622652       6.7622652       6.7622652       6.7622652       6.7622652
       6.7622652       6.8337641       6.8337641       6.9231381       6.9767628
       6.9767628       6.9052629       6.9052629       7.5130033       7.7096257
       7.5130033       7.5130033       7.5130033       8.2279930       8.2279930
       8.1922426       8.2279930       8.2279930       7.9419966       8.2279930
       7.9419966       8.3888645       8.3888645       8.3888645       8.3173656
       8.1028690       8.2816162       8.1028690       8.2816162       8.3531151
       8.3173656       8.3173656       8.3173656       8.2994919       8.1922426
       8.2279930       8.1922426       8.1922426       8.1386185       8.1386185
       8.1386185       8.1386185       8.0849953       8.0849953       8.0849953
       8.1386185       8.1386185       8.1386185       8.1564941       7.9956212
       7.9956212       7.9956212       7.9956212       7.9956212       7.9777465
       7.9956212       7.9777465       8.0134954       8.0134954       8.0134954
       7.9598713       7.9956212
       7.6917510       7.6917510       7.6917510       8.0492449       7.5845022
       7.5845022       7.5845022       7.3342566       8.2279930       8.2816162
       8.2279930       8.2816162       8.2458668       7.9956212       7.9956212
       7.9956212       8.1743679       8.1386185       8.5318623       8.1386185
       8.1386185       8.6927347       8.7284842       8.7284842       8.6927347
       8.5676117       8.5676117       8.5139875       8.5676117       8.3352404
       8.3352404       8.3888645       8.3888645       8.2637415       8.2816162
       8.2816162       8.2816162       8.2816162       8.1386185       8.1386185
       8.0492449       8.1922426       8.1922426       8.0849953       8.0849953
       7.9777465       7.9777465       7.9777465       7.9777465       8.1386185
       8.0313702       8.0313702       8.0492449       8.0492449       8.1207438
       8.1386185       8.1386185       8.1207438       8.1028690       8.1028690
       8.0313702       8.0134954       8.0134954       7.9598713       8.0134954
       8.0134954       8.0134954       7.9777465       7.9777465       7.9956212
       7.9956212       7.9956212
       6.8158903       6.8158903       6.8158903       6.8158903       7.0661354
       7.0661354       6.7980151       7.0661354       7.2091331       7.8883724
       7.2091331       7.2091331       7.9777465       8.2816162       8.2816162
       7.9777465       7.5487533       7.5487533       7.7453752       7.5487533
       8.3531151       8.3531151       8.5854864       8.5854864       8.4961128
       8.4782381       8.4782381       8.4782381       8.4782381       8.3173656
       8.3173656       8.2994919       8.3173656       8.2637415       8.2458668
       8.2458668       8.2101173       8.2637415       8.2101173       8.2101173
       8.1922426       8.2279930       8.2279930       8.2279930       8.2279930
       8.1743679       8.2458668       8.1743679       8.1743679       8.1207438
       8.1207438       8.1207438       8.0849953       8.1386185       8.1386185
       8.1564941       8.0849953       8.0849953       8.1386185       8.1386185
       8.0492449       8.0492449       8.0492449       8.0492449       8.0492449
       7.9598713       7.9598713       8.0134954       7.9598713       7.9598713
       7.9777465       7.9777465
       8.0492449       7.5845022       7.5845022       7.3342566       7.3342566
       8.2279930       8.2279930       8.2816162       8.2816162       7.9956212
       8.2458668       7.9956212       7.9956212       8.1743679       8.1386185
       8.1386185       8.5318623       8.1386185       8.7284842       8.6927347
       8.7284842       8.6927347       8.5676117       8.5676117       8.5676117
       8.5139875       8.3352404       8.3888645       8.3352404       8.3888645
       8.2637415       8.2816162       8.2816162       8.2816162       8.2816162
       8.1386185       8.0492449       8.1386185       8.1922426       8.1922426
       8.0849953       8.0849953       7.9777465       7.9777465       7.9777465
       8.1386185       7.9777465       8.0313702       8.0313702       8.0492449
       8.0492449       8.1207438       8.1386185       8.1386185       8.1386185
       8.1028690       8.1028690       8.0313702       8.0134954       8.0134954
       8.0134954       7.9598713       8.0134954       7.9777465       8.0134954
       7.9777465       7.9956212       7.9956212       7.9956212       7.9956212
       8.0671196       8.0671196
       8.1564941       8.1564941       8.5676117       8.6033621       8.6033621
       8.6033621       8.5676117       8.6748610       8.6748610       8.6212358
       8.6748610       8.6391106       8.6391106       8.6927347       8.6927347
       8.6391106       8.5497370       8.5497370       8.4067392       8.5497370
       8.4067392       8.4067392       8.3531151       8.3531151       8.3531151
       8.3173656       8.3173656       8.1386185       8.2279930       8.1386185
       8.1386185       7.9419966       8.1028690       8.1028690       8.1743679
       8.1743679       8.1386185       8.0671196       8.1386185       8.1743679
       8.1743679       8.1743679       8.1743679       8.2637415       8.1922426
       8.2101173       8.1922426       8.2101173       8.2101173       8.2279930
       8.2279930       8.2279930       8.1564941       8.0671196       8.0671196
       7.7453752       7.7453752       7.7453752       7.8347487       7.9598713
       7.9598713       7.9241223       7.9241223       8.1922426       8.0849953
       8.1922426       8.1922426       8.2458668       8.2279930       8.2279930
       8.2816162       8.1743679
       7.3342566       8.2279930       8.2279930       8.2816162       8.2816162
       8.2458668       8.2458668       7.9956212       7.9956212       8.1386185
       7.7453752       8.1386185       8.1386185       8.1386185       8.6927347
       8.6927347       8.7284842       8.6927347       8.5676117       8.5318623
       8.5676117       8.2994919       8.3352404       8.3352404       8.3352404
       8.3888645       8.2637415       8.2816162       8.2637415       8.2816162
       8.1922426       8.1386185       8.1386185       8.1386185       8.1922426
       8.1922426       8.0849953       8.1922426       7.9777465       7.9777465
       7.9777465       7.9777465       8.0849953       8.0313702       8.0313702
       8.0492449       8.0313702       8.1207438       8.1207438       8.1386185
       8.1386185       8.1207438       8.1028690       8.1028690       8.0313702
       8.0134954       8.0134954       8.0134954       8.0134954       8.0134954
       8.0134954       7.9777465       7.9956212       7.9956212       7.9956212
       7.9956212       8.0849953       8.0671196       8.0671196       8.0849953
       8.2279930       8.2279930
       8.5497370       8.4782381       8.4782381       8.4246140       8.5318623
       8.4603634       8.4603634       8.5318623       8.6569853       8.5318623
       8.6569853       8.5318623       8.4961128       8.4067392       8.4067392
       8.4067392       8.2101173       8.2994919       8.1743679       8.2994919
       8.1743679       8.2279930       8.0492449       8.0492449       8.0492449
       7.8883724       7.8883724       8.0313702       7.8883724       8.1743679
       8.1743679       8.1922426       8.1922426       8.1922426       8.2279930
       8.2279930       8.2279930       8.2279930       8.3531151       8.3531151
       8.3888645       8.3531151       8.2279930       8.2637415       8.2637415
       8.2279930       8.2279930       8.2279930       8.2279930       8.2279930
       8.1207438       8.1207438       7.7096257       7.7096257       7.6917510
       7.3878808       7.3878808       7.7811246       7.4772544       7.4772544
       8.2994919       8.2994919       8.2994919       8.3709908       8.2994919
       8.3709908       8.3709908       8.4603634       8.4603634       8.2816162
       8.2994919       8.2994919
       8.6033621       8.6033621       8.6033621       8.5497370       8.6748610
       8.6748610       8.6748610       8.6212358       8.6391106       8.6927347
       8.6391106       8.6927347       8.6391106       8.5497370       8.5497370
       8.5497370       8.4067392       8.4067392       8.3531151       8.4067392
       8.3531151       8.3531151       8.3173656       8.3173656       8.2279930
       8.1386185       8.1386185       7.9419966       8.1386185       8.1028690
       8.1028690       8.1743679       8.1743679       8.0671196       8.1386185
       8.1386185       8.1743679       8.1743679       8.1743679       8.1743679
       8.2637415       8.1922426       8.1922426       8.2101173       8.2101173
       8.2279930       8.2101173       8.2279930       8.2279930       8.1564941
       8.0671196       8.0671196       8.1564941       7.7453752       7.7453752
       7.8347487       7.9598713       7.9598713       7.9241223       7.9241223
       8.0849953       8.1922426       8.1922426       8.2458668       8.1922426
       8.2279930       8.2279930       8.2816162       8.1743679       8.1743679
       8.2101173       8.2101173
       8.5318623       8.4603634       8.4603634       8.5318623       8.6569853
       8.6569853       8.6569853       8.5318623       8.4961128       8.4067392
       8.4961128       8.4067392       8.3531151       8.2994919       8.2994919
       8.2994919       8.1743679       8.2279930       8.0492449       8.2279930
       8.0492449       7.9419966       7.8883724       7.8883724       8.1743679
       8.1743679       8.1743679       8.1922426       8.1743679       8.1922426
       8.1922426       8.2279930       8.2279930       8.2637415       8.3531151
       8.3531151       8.3531151       8.3531151       8.2279930       8.2279930
       8.2637415       8.2279930       8.2279930       8.2279930       8.2279930
       8.1207438       8.1564941       8.1207438       8.1207438       7.7096257
       7.6917510       7.6917510       7.3878808       7.3878808       7.7811246
       7.4772544       8.2994919       8.2458668       8.2994919       8.2994919
       8.2816162       8.3709908       8.3709908       8.4603634       8.3709908
       8.2816162       8.2816162       8.2994919       8.2994919       8.4603634
       8.4246140       8.4246140
       8.4961128       8.4961128       8.4067392       8.2637415       8.2637415
       8.2637415       8.2101173       7.9419966       7.9419966       8.0492449
       8.2101173       8.0492449       8.0492449       8.0492449       7.9777465
       7.9777465       8.0313702       8.0313702       8.0849953       8.0313702
       8.0849953       8.0849953       8.1028690       8.1922426       8.1922426
       8.1386185       8.2101173       8.2101173       8.2279930       8.2101173
       8.3888645       8.4067392       8.4067392       8.4067392       8.4246140
       8.3173656       8.3709908       8.3173656       8.3709908       8.2279930
       8.2279930       8.2279930       8.2279930       7.5130033       7.5130033
       7.7632499       7.5130033       7.4057555       7.4057555       7.9598713
       7.9598713       7.3878808       7.7453752       7.7453752       7.7453752
       8.4603634       8.4603634       8.4603634       8.3709908       8.4246140
       8.4246140       8.3709908       8.2637415       8.2279930       8.2637415
       8.2279930       8.3173656       8.1922426       8.1922426       8.1922426
       8.0671196       8.5318623
       8.5318623       8.6569853       8.6569853       8.5318623       8.5318623
       8.4961128       8.4961128       8.4067392       8.4067392       8.2994919
       8.3531151       8.2994919       8.2994919       8.1743679       8.2279930
       8.2279930       8.0492449       8.0492449       7.8883724       7.9419966
       7.8883724       8.1743679       8.1743679       8.1743679       8.1743679
       8.1922426       8.1922426       8.2279930       8.1922426       8.2279930
       8.2637415       8.3531151       8.3531151       8.3531151       8.3531151
       8.2279930       8.2637415       8.2279930       8.2279930       8.2279930
       8.2279930       8.2279930       8.1564941       8.1207438       8.1207438
       7.7096257       8.1207438       7.6917510       7.6917510       7.3878808
       7.3878808       7.7811246       7.4772544       7.4772544       8.2994919
       8.2994919       8.2994919       8.2816162       8.3709908       8.3709908
       8.3709908       8.4603634       8.2816162       8.2994919       8.2816162
       8.2994919       8.4603634       8.4246140       8.4246140       8.5318623
       8.5318623       8.5318623
       8.2458668       8.2458668       7.9419966       7.9419966       7.9419966
       7.9419966       8.0492449       8.0492449       8.0492449       8.1743679
       8.0492449       8.0313702       8.0313702       8.1028690       8.1028690
       8.0849953       8.1028690       8.1028690       8.1386185       8.1028690
       8.1386185       8.1386185       8.1207438       8.2101173       8.2101173
       8.2101173       8.2101173       8.4246140       8.4067392       8.4246140
       8.4246140       8.4067392       8.3709908       8.3709908       8.3888645
       8.3888645       8.2816162       8.2279930       8.2816162       7.5130033
       7.7632499       7.7632499       7.7632499       8.0671196       7.9598713
       8.3173656       7.9598713       8.3173656       7.7453752       8.2458668
       8.2458668       8.2458668       8.3531151       8.4603634       8.4603634
       8.3709908       8.3709908       8.3709908       8.4246140       8.2279930
       8.2279930       8.2279930       8.2279930       8.0671196       8.1922426
       8.0671196       8.0671196       8.2279930       8.3888645       8.3888645
       8.2279930       8.4782381
       8.4067392       8.2458668       8.2458668       8.3531151       8.3531151
       8.1743679       8.1743679       8.2816162       8.2816162       8.1386185
       8.1028690       8.1386185       8.0492449       8.0492449       8.0492449
       8.0492449       7.9598713       8.1207438       8.1743679       8.1207438
       8.1743679       8.2101173       8.2458668       8.2458668       8.2458668
       8.2816162       8.4067392       8.3531151       8.4067392       8.3888645
       8.3888645       8.3888645       8.3888645       8.2816162       8.3709908
       8.3709908       8.4246140       8.3709908       8.0671196       8.0671196
       8.3531151       8.3531151       8.3173656       8.3352404       8.3352404
       8.5139875       8.3352404       8.5139875       8.5139875       8.5854864
       8.3531151       8.3531151       8.2994919       8.2994919       8.4246140
       8.4603634       8.4603634       8.2279930       8.1743679       8.1743679
       8.1743679       8.0134954       8.0134954       8.0134954       8.0134954
       8.2279930       8.2279930       8.1028690       8.1028690       8.4067392
       8.3352404       8.3352404
       7.9419966       7.9419966       7.9419966       8.2458668       8.0492449
       8.0492449       8.0492449       8.1743679       8.0313702       8.1028690
       8.0313702       8.1028690       8.0849953       8.1028690       8.1028690
       8.1028690       8.1386185       8.1386185       8.1207438       8.1386185
       8.2101173       8.2101173       8.2101173       8.2101173       8.4067392
       8.4246140       8.4246140       8.4067392       8.4246140       8.3709908
       8.3709908       8.3888645       8.3888645       8.2279930       8.2816162
       8.2816162       7.7632499       7.5130033       7.7632499       7.7632499
       8.0671196       7.9598713       7.9598713       8.3173656       8.3173656
       8.2458668       7.7453752       8.2458668       8.2458668       8.3531151
       8.4603634       8.4603634       8.3531151       8.3709908       8.3709908
       8.4246140       8.2279930       8.2279930       8.2279930       8.2279930
       8.1922426       8.0671196       8.0671196       8.2279930       8.0671196
       8.3888645       8.3888645       8.2279930       8.4782381       8.4782381
       8.4067392       8.4067392
       8.3709908       8.2816162       8.2816162       8.3709908       8.1386185
       8.1386185       8.1386185       8.2101173       8.0492449       7.9598713
       8.0492449       7.9598713       8.1207438       8.1743679       8.1743679
       8.1743679       8.1028690       8.2458668       8.2816162       8.2458668
       8.2816162       8.4067392       8.3531151       8.3531151       8.3888645
       8.3888645       8.3888645       8.3531151       8.3888645       8.3709908
       8.3709908       8.4246140       8.4246140       8.0671196       8.3531151
       8.3531151       8.2994919       8.3531151       8.3352404       8.3352404
       8.2994919       8.5139875       8.5139875       8.5854864       8.5854864
       8.2994919       8.3531151       8.2994919       8.2994919       8.3173656
       8.4603634       8.4603634       8.4424887       8.1743679       8.1743679
       8.1743679       8.0134954       8.0134954       8.0134954       8.0134954
       8.2279930       8.1028690       8.1028690       8.0492449       8.1028690
       8.3352404       8.3352404       8.2637415       8.2816162       8.2816162
       8.2816162       8.2816162
       8.3709908       8.3709908       8.3709908       8.2816162       8.2637415
       8.2637415       8.2637415       8.0671196       8.1207438       8.0671196
       8.1207438       7.9419966       7.9419966       7.9956212       7.9956212
       8.2994919       8.2637415       8.2637415       8.3173656       8.2637415
       8.4603634       8.4603634       8.5318623       8.5318623       8.3531151
       8.4067392       8.4067392       8.4961128       8.4603634       8.4603634
       8.4603634       8.4961128       8.3888645       8.3888645       8.3531151
       8.3531151       8.2994919       8.2994919       8.2994919       8.2994919
       8.4424887       8.4782381       8.4782381       8.4424887       8.3173656
       8.3173656       8.3352404       8.3173656       8.3173656       8.3173656
       8.3173656       8.3173656       8.3531151       8.2279930       8.2279930
       8.0849953       8.0671196       8.0671196       8.0849953       8.0849953
       8.0492449       8.0849953       8.0849953       8.2101173       8.2101173
       8.2101173       8.2101173       8.1207438       8.1386185       8.1386185
       8.0134954       8.0134954
       8.3709908       8.1386185       8.1386185       8.2101173       8.2101173
       8.0492449       8.0492449       7.9598713       7.9598713       8.1743679
       8.1207438       8.1743679       8.1743679       8.1028690       8.2458668
       8.2458668       8.2816162       8.2816162       8.3531151       8.4067392
       8.3531151       8.3888645       8.3888645       8.3888645       8.3888645
       8.3531151       8.3709908       8.4246140       8.3709908       8.4246140
       8.0671196       8.3531151       8.3531151       8.3531151       8.2994919
       8.3352404       8.2994919       8.3352404       8.5139875       8.5139875
       8.5854864       8.5854864       8.3531151       8.2994919       8.2994919
       8.3173656       8.2994919       8.4603634       8.4603634       8.4424887
       8.1743679       8.1743679       8.1743679       8.1743679       8.0134954
       8.0134954       8.0134954       8.2279930       8.1028690       8.1028690
       8.1028690       8.0492449       8.3352404       8.2637415       8.3352404
       8.2816162       8.2816162       8.2816162       8.2816162       8.3173656
       8.2458668       8.3173656
       8.2637415       8.2637415       8.2637415       8.0671196       8.1207438
       8.1207438       8.1207438       7.9419966       7.9419966       7.9956212
       7.9419966       8.2994919       8.2994919       8.2637415       8.2637415
       8.3709908       8.4603634       8.4603634       8.5318623       8.4603634
       8.3531151       8.3531151       8.4067392       8.4603634       8.4424887
       8.4603634       8.4603634       8.3888645       8.3888645       8.3888645
       8.3888645       8.3531151       8.2994919       8.2994919       8.2994919
       8.2994919       8.4782381       8.5497370       8.4782381       8.4782381
       8.3173656       8.3352404       8.3352404       8.3173656       8.3173656
       8.3173656       8.3709908       8.3173656       8.2101173       8.2279930
       8.2279930       8.2279930       8.0849953       8.0671196       8.0671196
       8.0849953       8.0492449       8.0492449       8.0849953       8.2101173
       8.2279930       8.2101173       8.2101173       8.1386185       8.1386185
       8.1386185       8.1386185       8.0134954       8.1564941       8.1564941
       8.0134954       8.3173656
       8.3352404       8.1207438       8.1207438       8.2279930       8.2279930
       8.2279930       8.2279930       8.2637415       8.2637415       8.3709908
       8.3173656       8.3709908       8.5139875       8.4246140       8.5139875
       8.5139875       8.4246140       8.4424887       8.3709908       8.4424887
       8.3709908       8.4961128       8.4782381       8.4782381       8.4782381
       8.3352404       8.3709908       8.3352404       8.3709908       8.2994919
       8.2994919       8.2994919       8.2994919       8.4424887       8.4424887
       8.4424887       8.4067392       8.4424887       8.2816162       8.2816162
       8.2637415       8.2637415       8.3531151       8.3531151       8.3531151
       8.2458668       8.2458668       8.2458668       8.2458668       8.2458668
       8.1922426       8.1564941       8.1922426       8.1922426       8.1207438
       8.1386185       8.0492449       8.1207438       8.0492449       8.0492449
       8.0134954       8.1028690       8.0134954       8.1028690       8.0134954
       8.0492449       7.9241223       8.0492449       8.0492449       8.2637415
       8.2637415       8.2637415
       8.0671196       8.1207438       8.1207438       8.0671196       7.9419966
       7.9419966       7.9419966       7.9956212       8.2994919       8.2637415
       8.2994919       8.2637415       8.3709908       8.4603634       8.4603634
       8.4603634       8.5318623       8.3531151       8.4067392       8.3531151
       8.4603634       8.4424887       8.4603634       8.4603634       8.3888645
       8.3888645       8.3888645       8.3531151       8.3888645       8.2994919
       8.2994919       8.2994919       8.2994919       8.5497370       8.4782381
       8.4782381       8.3173656       8.4782381       8.3352404       8.3352404
       8.3173656       8.3173656       8.3709908       8.3173656       8.3173656
       8.2279930       8.2101173       8.2279930       8.2279930       8.0849953
       8.0671196       8.0671196       8.0849953       8.0849953       8.0492449
       8.0849953       8.2101173       8.2279930       8.2101173       8.2101173
       8.1386185       8.1386185       8.1386185       8.0134954       8.1386185
       8.1564941       8.1564941       8.0134954       8.3173656       8.3531151
       8.3173656       8.3173656
       8.2279930       8.2279930       8.2279930       8.2637415       8.2637415
       8.3173656       8.3173656       8.3709908       8.5139875       8.5139875
       8.5318623       8.5139875       8.4424887       8.4424887       8.4424887
       8.4424887       8.3709908       8.4961128       8.4782381       8.4961128
       8.4782381       8.3531151       8.3709908       8.3709908       8.3709908
       8.2994919       8.2994919       8.2994919       8.2994919       8.4424887
       8.4424887       8.4424887       8.4424887       8.2816162       8.2816162
       8.2816162       8.2637415       8.2816162       8.3531151       8.3531151
       8.3531151       8.2458668       8.2637415       8.2458668       8.2458668
       8.1922426       8.1564941       8.1564941       8.1564941       8.1922426
       8.1207438       8.1207438       8.1386185       8.0492449       8.1207438
       8.0492449       8.0134954       8.0134954       8.0134954       8.0134954
       7.9241223       8.0492449       7.9241223       8.0492449       7.9241223
       8.2637415       8.3173656       8.2637415       8.0849953       8.0849953
       8.0849953       8.0849953
       8.2637415       8.2637415       8.3173656       8.3709908       8.3709908
       8.5139875       8.5318623       8.5139875       8.5139875       8.4424887
       8.4424887       8.4424887       8.4424887       8.3709908       8.4961128
       8.4961128       8.4782381       8.4782381       8.3709908       8.3531151
       8.3709908       8.3709908       8.2994919       8.2994919       8.2994919
       8.2994919       8.4424887       8.4424887       8.4424887       8.4424887
       8.2816162       8.2816162       8.2816162       8.2816162       8.2637415
       8.3531151       8.3531151       8.3531151       8.2458668       8.2637415
       8.2458668       8.2458668       8.1564941       8.1922426       8.1564941
       8.1922426       8.1564941       8.1207438       8.1207438       8.1386185
       8.0492449       8.1207438       8.0492449       8.0492449       8.0134954
       8.0134954       8.0134954       7.9241223       8.0492449       7.9241223
       7.9241223       8.0492449       8.2637415       8.2637415       8.3173656
       8.0849953       8.0849953       8.0849953       8.0849953       8.0492449
       7.9956212       8.0492449
       8.3352404       8.3352404       8.3352404       8.3709908       8.3352404
       8.3352404       8.4067392       8.4424887       8.4067392       8.4424887
       8.4067392       8.4961128       8.5139875       8.4961128       8.4961128
       8.2994919       8.2994919       8.2994919       8.1564941       8.2994919
       8.2279930       8.2279930       8.1564941       8.2101173       8.2816162
       8.2101173       8.2101173       8.1922426       8.2101173       8.2101173
       8.2101173       8.1922426       8.1564941       8.2101173       8.1564941
       8.2637415       8.2637415       8.2816162       8.2637415       8.1564941
       8.1207438       8.1564941       8.1564941       8.1207438       8.2279930
       8.2279930       8.2279930       8.2279930       8.1564941       8.1564941
       8.1564941       8.1922426       8.1922426       8.1922426       8.1922426
       7.9241223       8.1028690       8.1028690       7.9241223       8.1386185
       8.2101173       8.1386185       7.9598713       7.9598713       7.9598713
       7.9598713       7.9777465       8.1028690       7.9777465       7.9777465
       8.1028690       8.1922426
       8.3352404       8.3352404       8.4246140       8.4246140       8.4246140
       8.4246140       8.4424887       8.3709908       8.3709908       8.2994919
       8.3709908       8.4782381       8.4782381       8.5139875       8.3352404
       8.3709908       8.3352404       8.3352404       8.2994919       8.2994919
       8.2994919       8.2994919       8.2994919       8.4424887       8.4424887
       8.4067392       8.4067392       8.2637415       8.2816162       8.2637415
       8.2637415       8.2637415       8.3531151       8.3531151       8.2637415
       8.2458668       8.2458668       8.2458668       8.2458668       8.1922426
       8.1922426       8.1922426       8.1922426       8.1743679       8.1386185
       8.1743679       8.1386185       7.9956212       8.0492449       7.9956212
       7.9956212       8.1028690       8.1743679       8.1028690       8.1028690
       8.1564941       8.0492449       8.0492449       8.2279930       8.2637415
       8.2637415       8.2279930       7.9956212       7.9956212       8.0849953
       7.9956212       7.9956212       7.9241223       7.9956212       7.9956212
       8.1922426       8.1028690
       8.3709908       8.3352404       8.3352404       8.3709908       8.4424887
       8.4067392       8.4067392       8.4424887       8.4961128       8.4961128
       8.5139875       8.4961128       8.2994919       8.2994919       8.2994919
       8.2994919       8.1564941       8.2279930       8.1564941       8.2279930
       8.2101173       8.2816162       8.2101173       8.2101173       8.2101173
       8.1922426       8.2101173       8.1922426       8.2101173       8.1564941
       8.2101173       8.1564941       8.2637415       8.2816162       8.2637415
       8.2637415       8.1207438       8.1564941       8.1564941       8.1564941
       8.1207438       8.2279930       8.2279930       8.2279930       8.2279930
       8.1564941       8.1564941       8.1564941       8.1922426       8.1922426
       8.1922426       8.1922426       8.1922426       7.9241223       8.1028690
       7.9241223       8.1386185       8.2101173       8.1386185       7.9598713
       7.9598713       7.9598713       7.9598713       8.1028690       7.9777465
       7.9777465       7.9777465       8.1028690       8.1922426       8.2101173
       8.1922426       7.9598713
       8.4424887       8.4067392       8.4067392       8.4424887       8.4961128
       8.5139875       8.5139875       8.4961128       8.2994919       8.2994919
       8.2994919       8.2994919       8.2994919       8.2279930       8.2279930
       8.2279930       8.2101173       8.2816162       8.2101173       8.2816162
       8.2101173       8.2279930       8.2101173       8.2101173       8.2101173
       8.1564941       8.2101173       8.2637415       8.2101173       8.2816162
       8.2816162       8.2637415       8.1564941       8.1743679       8.1564941
       8.1564941       8.2279930       8.2279930       8.2279930       8.2279930
       8.2279930       8.1564941       8.0492449       8.1564941       8.1922426
       8.1922426       8.1922426       8.1922426       8.1028690       7.9241223
       8.1028690       8.1028690       7.9241223       8.1386185       8.2101173
       7.9598713       7.9598713       7.9419966       7.9598713       7.9777465
       7.9241223       7.9777465       7.9777465       8.1922426       8.2101173
       8.2101173       8.2101173       7.9598713       7.9598713       7.8883724
       7.9598713       7.7096257
       8.3888645       8.3888645       8.4424887       8.3888645       8.3888645
       8.3888645       8.3352404       8.3888645       8.3888645       8.2279930
       8.1386185       8.1386185       8.1386185       8.2279930       8.1386185
       8.1386185       8.1386185       8.1386185       8.1743679       8.1743679
       8.1743679       8.0849953       7.9777465       8.0849953       8.0849953
       7.9777465       8.0849953       8.0849953       8.1922426       8.0849953
       8.0492449       7.9777465       8.0492449       8.0492449       8.1743679
       8.2101173       8.1743679       8.2101173       8.2279930       8.2458668
       8.2279930       8.2279930       8.1564941       8.0849953       8.1564941
       7.9956212       8.1564941       7.8704977       7.8704977       7.9956212
       7.9956212       8.0671196       7.9956212       7.9956212       7.9777465
       7.9777465       7.9777465       8.1028690       8.1743679       8.1743679
       8.2101173       8.2101173       8.2101173       8.2101173       8.2101173
       7.9956212       7.9956212       7.9956212       7.9956212       7.8883724
       7.8883724       7.8883724
       8.4424887       8.4424887       8.4961128       8.4424887       8.4961128
       8.4961128       8.2994919       8.2994919       8.2994919       8.1564941
       8.2994919       8.2279930       8.2279930       8.1564941       8.2101173
       8.2816162       8.2101173       8.2101173       8.1922426       8.2101173
       8.2101173       8.2101173       8.1922426       8.1564941       8.2101173
       8.1564941       8.2637415       8.2637415       8.2816162       8.2637415
       8.1564941       8.1207438       8.1564941       8.1564941       8.1207438
       8.2279930       8.2279930       8.2279930       8.2279930       8.1564941
       8.1564941       8.1564941       8.1922426       8.1922426       8.1922426
       8.1922426       8.1922426       7.9241223       8.1028690       7.9241223
       7.9241223       8.1386185       8.0671196       8.1386185       7.9598713
       7.9598713       7.9598713       7.9777465       8.1028690       7.9777465
       7.9777465       8.1028690       8.1922426       8.1922426       8.2101173
       7.9598713       7.9598713       7.9598713       7.9598713       7.7096257
       7.8883724       7.8883724
       8.3888645       8.3888645       8.3888645       8.4067392       8.3888645
       8.3888645       8.1386185       8.2279930       8.1386185       8.2279930
       8.1386185       8.1386185       8.1386185       8.1386185       8.1386185
       8.1743679       8.1743679       8.1743679       7.9777465       8.0849953
       8.0849953       8.0849953       7.9777465       8.0849953       8.1922426
       8.0849953       8.0849953       7.9777465       8.0492449       8.0492449
       8.0492449       8.1743679       8.2101173       8.2101173       8.1743679
       8.2279930       8.2279930       8.2458668       8.2279930       8.1564941
       8.0849953       8.1564941       8.1564941       7.9956212       7.8704977
       7.9956212       7.8704977       7.9956212       8.0671196       7.9956212
       7.9956212       7.9777465       7.9598713       7.9777465       7.9777465
       8.1743679       8.1743679       8.2101173       8.2101173       8.2101173
       8.2101173       8.2101173       7.9956212       7.9956212       7.9956212
       7.9956212       7.8883724       7.8883724       7.8883724       7.2806320
       7.4415045       7.4415045
       8.4067392       8.3888645       8.3888645       8.4067392       8.2279930
       8.1386185       8.1386185       8.2279930       8.1386185       8.1386185
       8.1386185       8.1386185       8.1743679       8.1743679       8.1743679
       8.0849953       7.9777465       8.0849953       7.9777465       8.0849953
       8.0849953       8.1922426       8.0849953       8.0849953       8.0492449
       7.9777465       8.0492449       8.1743679       8.0492449       8.2101173
       8.2101173       8.1743679       8.2279930       8.2458668       8.2279930
       8.2279930       8.0849953       8.1564941       8.1564941       8.1564941
       7.9956212       7.8704977       7.8704977       7.9956212       7.9956212
       7.9956212       8.0671196       7.9956212       7.9777465       7.9598713
       7.9777465       7.9777465       8.1743679       8.1743679       8.1743679
       8.2101173       8.2101173       8.2101173       8.2101173       7.9956212
       7.9956212       7.9956212       7.9956212       7.8883724       7.8883724
       7.8883724       7.2806320       7.4415045       7.4415045       7.2806320
       7.4415045       6.8516393
       8.4067392       8.2279930       8.1386185       8.2279930       8.2279930
       8.1386185       8.1386185       8.1386185       8.1386185       8.1743679
       8.1743679       8.1743679       8.0849953       7.9777465       8.0849953
       8.0849953       7.9777465       8.0849953       8.0849953       8.1922426
       8.0849953       8.0492449       7.9777465       8.0492449       8.0492449
       8.1743679       8.2101173       8.1743679       8.2101173       8.2279930
       8.2458668       8.2279930       8.2279930       8.1564941       8.0849953
       8.1564941       7.9956212       8.1564941       7.8704977       7.8704977
       7.9956212       7.9956212       8.0671196       7.9956212       7.9956212
       7.9598713       7.9777465       7.9777465       7.9777465       8.1743679
       8.1743679       8.1743679       8.1743679       8.2101173       8.2101173
       8.2101173       7.9956212       7.9956212       7.9956212       7.9956212
       7.8883724       7.8883724       7.8883724       7.4415045       7.2806320
       7.4415045       7.2806320       7.4415045       6.8516393       6.8516393
       6.8873887       6.8516393
       8.2279930       8.1386185       8.1386185       8.1386185       8.1386185
       8.1743679       8.1922426       8.1743679       8.0849953       8.0849953
       8.1564941       8.0849953       8.1922426       8.0849953       8.1922426
       8.1922426       8.0849953       8.0492449       8.0492449       8.1207438
       8.0492449       8.2101173       8.2101173       8.2101173       8.2458668
       8.2279930       8.2458668       8.2279930       8.2458668       8.1564941
       8.1922426       8.1564941       8.1564941       7.8704977       7.8704977
       7.8704977       7.9956212       8.0671196       8.0671196       8.0671196
       7.9956212       7.9777465       7.9777465       7.9777465       7.9777465
       8.1743679       8.1028690       8.1743679       8.2101173       8.2101173
       8.2101173       8.2101173       8.2101173       7.9956212       7.9956212
       7.9956212       7.8883724       7.8883724       7.8883724       7.2806320
       7.2806320       7.4415045       7.2806320       6.8516393       6.8337641
       6.8516393       6.8337641       6.8516393       6.8516393       6.8516393
       6.8516393       6.8337641
       8.1386185       8.1386185       8.1386185       8.1564941       8.1743679
       8.1743679       8.0849953       7.9777465       8.0849953       7.9777465
       8.0849953       8.0849953       8.1922426       8.0849953       8.0849953
       8.0492449       7.9777465       8.0492449       8.1743679       8.0492449
       8.2101173       8.2101173       8.1743679       8.2279930       8.2458668
       8.2279930       8.2279930       8.0849953       8.1564941       8.1564941
       8.1564941       7.9956212       7.8704977       7.8704977       7.9956212
       7.9956212       7.9956212       8.0671196       7.9956212       7.9777465
       7.9598713       7.9777465       7.9777465       8.1743679       8.1743679
       8.1743679       8.1743679       8.2101173       8.2101173       8.1743679
       8.2101173       7.9956212       8.0671196       7.9956212       7.9956212
       7.8883724       7.8883724       7.2806320       7.4415045       7.4415045
       7.2806320       7.4415045       6.8516393       6.8873887       6.8516393
       6.8516393       6.8516393       6.8516393       6.8516393       6.8337641
       6.8337641       6.8337641
       8.1743679       8.1743679       8.0849953       7.9777465       8.0849953
       8.0849953       8.1922426       8.0849953       8.1922426       8.0849953
       8.1922426       8.0492449       8.1207438       8.0492449       8.0492449
       8.2101173       8.2101173       8.2101173       8.2279930       8.2458668
       8.2458668       8.2458668       8.2279930       8.1564941       8.1922426
       8.1564941       8.1564941       7.8704977       7.8704977       7.8704977
       8.0671196       7.9956212       8.0671196       8.0671196       7.9956212
       7.9777465       7.9777465       7.9777465       7.9777465       8.1028690
       8.1743679       8.1743679       8.2101173       8.2101173       8.2101173
       8.2101173       8.2101173       7.9956212       7.9956212       7.9956212
       7.9956212       7.8883724       7.8883724       7.8883724       7.2806320
       7.4415045       7.2806320       6.8337641       6.8516393       6.8516393
       6.8337641       6.8516393       6.8516393       6.8516393       6.8516393
       6.8337641       6.8337641       6.8337641       6.8337641       6.8516393
       6.8516393       6.8516393
