       50.179047       50.156273       50.133507       50.129082       50.106331
       50.083588       50.060852       50.056435       50.033710       50.006577
       50.010998       49.983875       49.961185       49.956760       49.934082
       49.911407       49.906986       49.884327       49.857250       49.861671
       49.834606       49.811974       49.807549       49.784927       49.762310
       49.757885       49.735279       49.708256       49.712685       49.685669
       49.663090       49.658661       49.636089       49.613529       49.609097
       49.586544       49.559566       49.563999       49.537029       49.514500
       49.510063       49.487545       49.465031       49.460590       49.438087
       49.411148       49.415588       49.388657       49.366173       49.361729
       49.339252       49.316784       49.312336       49.289875       49.267418
       49.240520       49.218079       49.195641       49.191189       49.168758
       49.146332       49.141880       49.119461       49.092590       49.097050
       49.070187       49.047783       49.043324       49.020927       48.998535
       48.994072       48.971687
       50.169510       50.146736       50.123970       50.119572       50.096817
       50.074074       50.051338       50.046940       50.024220       49.997108
       50.001503       49.974407       49.951714       49.947315       49.924633
       49.901958       49.897564       49.874901       49.847847       49.852245
       49.825203       49.802570       49.798168       49.775547       49.752930
       49.748528       49.725922       49.698921       49.703323       49.676334
       49.653751       49.649349       49.626778       49.604214       49.599808
       49.577251       49.550297       49.554707       49.527760       49.505230
       49.500820       49.478294       49.455780       49.451366       49.428860
       49.401947       49.406361       49.379456       49.356968       49.352551
       49.330074       49.307602       49.303181       49.280716       49.258259
       49.231384       49.208939       49.186501       49.182076       49.159645
       49.137215       49.132790       49.110371       49.083523       49.087952
       49.061115       49.038712       49.034275       49.011879       48.989487
       48.985050       48.962662
       50.155521       50.132748       50.109985       50.105602       50.082851
       50.060112       50.037376       50.032997       50.010277       49.983185
       49.987568       49.960487       49.937794       49.933414       49.910736
       49.888065       49.883682       49.861023       49.833988       49.838371
       49.811348       49.788715       49.784332       49.761711       49.739094
       49.734711       49.712109       49.685123       49.689510       49.662537
       49.639957       49.635571       49.613003       49.590439       49.586052
       49.563499       49.536564       49.540951       49.514027       49.491493
       49.487103       49.464581       49.442066       49.437672       49.415165
       49.388271       49.392666       49.365780       49.343292       49.338894
       49.316418       49.293945       49.289543       49.267078       49.244621
       49.217766       49.195320       49.172882       49.168476       49.146046
       49.123615       49.119209       49.096786       49.069962       49.074371
       49.047550       49.025146       49.020733       48.998333       48.975941
       48.971523       48.949135
       50.137127       50.114361       50.091602       50.087231       50.064487
       50.041752       50.019024       50.014652       49.991940       49.964863
       49.969234       49.942169       49.919483       49.915112       49.892437
       49.869770       49.865402       49.842747       49.815727       49.820099
       49.793091       49.770462       49.766090       49.743473       49.720860
       49.716488       49.693886       49.666920       49.671295       49.644337
       49.621761       49.617386       49.594822       49.572262       49.567883
       49.545334       49.518414       49.522793       49.495880       49.473351
       49.468971       49.446453       49.423943       49.419556       49.397053
       49.370171       49.374557       49.347683       49.325199       49.320812
       49.298340       49.275867       49.271477       49.249016       49.226563
       49.199722       49.177277       49.154839       49.150448       49.128017
       49.105591       49.101192       49.078773       49.051960       49.056362
       49.029552       49.007153       49.002747       48.980350       48.957958
       48.953552       48.931168
       50.127449       50.104683       50.081924       50.077576       50.054829
       50.032089       50.009361       50.005016       49.982300       49.955246
       49.959591       49.932552       49.909863       49.905518       49.882843
       49.860172       49.855827       49.833168       49.806175       49.810520
       49.783535       49.760906       49.756557       49.733936       49.711327
       49.706978       49.684376       49.657433       49.661781       49.634846
       49.612270       49.607918       49.585350       49.562790       49.558437
       49.535885       49.508987       49.513340       49.486450       49.463921
       49.459564       49.437046       49.414532       49.410175       49.387669
       49.360809       49.365170       49.338318       49.315834       49.311470
       49.288994       49.266521       49.262157       49.239697       49.217236
       49.190418       49.167973       49.145535       49.141167       49.118732
       49.096306       49.091934       49.069511       49.042725       49.047096
       49.020313       48.997906       48.993530       48.971130       48.948738
       48.944355       48.921967
       50.113365       50.090603       50.067844       50.063511       50.040768
       50.018032       49.995308       49.990978       49.968262       49.941227
       49.945557       49.918533       49.895847       49.891518       49.868843
       49.846180       49.841850       49.819195       49.792217       49.796547
       49.769581       49.746952       49.742619       49.720001       49.697392
       49.693058       49.670460       49.643532       49.647865       49.620949
       49.598373       49.594040       49.571472       49.548912       49.544579
       49.522026       49.495148       49.499481       49.472610       49.450081
       49.445744       49.423225       49.400711       49.396370       49.373867
       49.347027       49.351368       49.324535       49.302052       49.297707
       49.275230       49.252758       49.248413       49.225948       49.203491
       49.176689       49.154243       49.131805       49.127457       49.105022
       49.082592       49.078239       49.055820       49.029045       49.033401
       49.006638       48.984230       48.979874       48.957474       48.935078
       48.930714       48.908325
       50.103569       50.080799       50.058044       50.053734       50.030987
       50.008251       49.985523       49.981216       49.958500       49.931488
       49.935795       49.908794       49.886105       49.881802       49.859123
       49.836456       49.832150       49.809494       49.782536       49.786842
       49.759899       49.737267       49.732960       49.710342       49.687729
       49.683422       49.660816       49.633915       49.638222       49.611328
       49.588749       49.584442       49.561871       49.539307       49.535000
       49.512447       49.485588       49.489899       49.463051       49.440517
       49.436207       49.413685       49.391167       49.386852       49.364346
       49.337528       49.341843       49.315037       49.292545       49.288231
       49.265751       49.243275       49.238956       49.216488       49.194027
       49.167252       49.144802       49.122356       49.118034       49.095600
       49.073166       49.068840       49.046417       49.019669       49.023994
       48.997253       48.974846       48.970512       48.948109       48.925713
       48.921375       48.898983
       50.089405       50.066639       50.043884       50.039593       50.016846
       49.994110       49.971386       49.967098       49.944382       49.917389
       49.921677       49.894691       49.872005       49.867718       49.845043
       49.822376       49.818089       49.795433       49.768494       49.772781
       49.745857       49.723225       49.718937       49.696320       49.673706
       49.669415       49.646812       49.619930       49.624218       49.597343
       49.574764       49.570473       49.547905       49.525341       49.521049
       49.498497       49.471657       49.475952       49.449120       49.426590
       49.422295       49.399773       49.377254       49.372959       49.350452
       49.323654       49.327950       49.301159       49.278671       49.274372
       49.251892       49.229416       49.225117       49.202648       49.180187
       49.153427       49.130978       49.108532       49.104229       49.081791
       49.059361       49.055054       49.032627       49.005898       49.010204
       48.983482       48.961071       48.956757       48.934353       48.911953
       48.907639       48.885242
       50.147900       50.125145       50.102402       50.097931       50.075203
       50.052479       50.029770       50.025299       50.002598       49.975437
       49.979908       49.952759       49.930088       49.925617       49.902958
       49.880306       49.875832       49.853191       49.826088       49.830559
       49.803463       49.780849       49.776375       49.753773       49.731178
       49.726700       49.704113       49.677059       49.681538       49.654491
       49.631931       49.627449       49.604897       49.582355       49.577869
       49.555336       49.528320       49.532806       49.505802       49.483292
       49.478802       49.456299       49.433804       49.429314       49.406822
       49.379848       49.384342       49.357376       49.334908       49.330410
       49.307949       49.285496       49.280994       49.258549       49.236111
       49.209171       49.186745       49.164322       49.159817       49.137402
       49.114990       49.110481       49.088078       49.061165       49.065678
       49.038773       49.016388       49.011868       48.989487       48.967110
       48.962589       48.940220
       50.129612       50.106865       50.084129       50.079670       50.056946
       50.034229       50.011524       50.007065       49.984371       49.957226
       49.961685       49.934551       49.911884       49.907425       49.884769
       49.862122       49.857662       49.835026       49.807934       49.812397
       49.785320       49.762711       49.758244       49.735645       49.713055
       49.708588       49.686008       49.658966       49.663437       49.636402
       49.613846       49.609375       49.586830       49.564289       49.559818
       49.537289       49.510288       49.514763       49.487774       49.465267
       49.460785       49.438286       49.415794       49.411312       49.388828
       49.361866       49.366352       49.339397       49.316933       49.312447
       49.289989       49.267540       49.263050       49.240604       49.218170
       49.191246       49.168819       49.146400       49.141907       49.119492
       49.097084       49.092587       49.070187       49.043285       49.047791
       49.020897       48.998512       48.994003       48.971626       48.949253
       48.944740       48.922371
       50.120216       50.097469       50.074734       50.070297       50.047573
       50.024857       50.002151       49.997715       49.975021       49.947899
       49.952335       49.925224       49.902557       49.898121       49.875465
       49.852818       49.848381       49.825745       49.798679       49.803120
       49.776062       49.753452       49.749012       49.726414       49.703823
       49.699379       49.676800       49.649780       49.654224       49.627216
       49.604660       49.600212       49.577667       49.555126       49.550678
       49.528145       49.501171       49.505623       49.478657       49.456146
       49.451694       49.429192       49.406700       49.402245       49.379757
       49.352821       49.357277       49.330349       49.307884       49.303421
       49.280964       49.258514       49.254047       49.231606       49.209164
       49.182266       49.159840       49.137421       49.132950       49.110535
       49.088127       49.083652       49.061253       49.034378       49.038853
       49.011986       48.989601       48.985119       48.962738       48.940361
       48.935879       48.913506
       50.152840       50.130096       50.107361       50.102821       50.080101
       50.057388       50.034683       50.030144       50.007454       49.980232
       49.984768       49.957558       49.934895       49.930355       49.907703
       49.885059       49.880516       49.857883       49.830715       49.835258
       49.808102       49.785496       49.780949       49.758354       49.735767
       49.731220       49.708641       49.681519       49.686073       49.658962
       49.636410       49.631855       49.609310       49.586777       49.582218
       49.559692       49.532612       49.537174       49.510101       49.487598
       49.483036       49.460541       49.438053       49.433487       49.411007
       49.383961       49.388531       49.361496       49.339039       49.334461
       49.312012       49.289566       49.284988       49.262550       49.240120
       49.213112       49.190693       49.168282       49.163696       49.141289
       49.118889       49.114300       49.091904       49.064919       49.069515
       49.042538       49.020157       49.015560       48.993187       48.970821
       48.966217       48.943855
       50.107319       50.084599       50.061886       50.057316       50.034618
       50.011925       49.989246       49.984676       49.962006       49.934772
       49.939342       49.912121       49.889481       49.884907       49.862274
       49.839653       49.835075       49.812466       49.785282       49.789860
       49.762688       49.740105       49.735523       49.712948       49.690380
       49.685795       49.663239       49.636101       49.640686       49.613560
       49.591026       49.586437       49.563911       49.541393       49.536800
       49.514294       49.487194       49.491791       49.464703       49.442215
       49.437614       49.415138       49.392666       49.388062       49.365601
       49.338531       49.343143       49.316086       49.293640       49.289028
       49.266594       49.244164       49.239548       49.217125       49.194710
       49.167679       49.145271       49.122875       49.118248       49.095856
       49.073471       49.068840       49.046459       49.019451       49.024086
       48.997082       48.974716       48.970074       48.947716       48.925362
       48.920715       48.898369
       50.093723       50.071007       50.048302       50.043747       50.021049
       49.998363       49.975685       49.971130       49.948463       49.921253
       49.925808       49.898605       49.875969       49.871410       49.848782
       49.826164       49.821606       49.798996       49.771835       49.776398
       49.749245       49.726662       49.722099       49.699524       49.676960
       49.672394       49.649841       49.622723       49.627293       49.600185
       49.577652       49.573082       49.550560       49.528046       49.523468
       49.500961       49.473885       49.478462       49.451393       49.428909
       49.424328       49.401852       49.379383       49.374798       49.352337
       49.325291       49.329880       49.302845       49.280403       49.275806
       49.253372       49.230946       49.226349       49.203926       49.181511
       49.154499       49.132099       49.109699       49.105095       49.082703
       49.060318       49.055706       49.033329       49.006336       49.010952
       48.983967       48.961605       48.956982       48.934624       48.912270
       48.907646       48.885296
       50.080101       50.057388       50.034683       50.030144       50.007454
       49.984768       49.962093       49.957558       49.934895       49.907703
       49.912239       49.885059       49.862423       49.857883       49.835258
       49.812645       49.808102       49.785496       49.758354       49.762897
       49.735767       49.713188       49.708641       49.686073       49.663509
       49.658962       49.636410       49.609310       49.613865       49.586777
       49.564247       49.559692       49.537174       49.514660       49.510101
       49.487598       49.460541       49.465103       49.438053       49.415569
       49.411007       49.388531       49.366066       49.361496       49.339039
       49.312012       49.316586       49.289566       49.267128       49.262550
       49.240120       49.217693       49.213112       49.190693       49.168282
       49.141289       49.118889       49.096489       49.091904       49.069515
       49.047127       49.042538       49.020157       48.993187       48.997784
       48.970821       48.948456       48.943855       48.921497       48.899143
       48.894539       48.872189
       50.070858       50.048153       50.025459       50.020870       49.998188
       49.975513       49.952847       49.948257       49.925606       49.898369
       49.902962       49.875736       49.853111       49.848515       49.825901
       49.803295       49.798698       49.776104       49.748917       49.753513
       49.726337       49.703766       49.699165       49.676605       49.654053
       49.649445       49.626904       49.599758       49.604366       49.577232
       49.554710       49.550102       49.527592       49.505085       49.500469
       49.477978       49.450871       49.455486       49.428391       49.405914
       49.401295       49.378830       49.356369       49.351742       49.329292
       49.302216       49.306847       49.279778       49.257347       49.252712
       49.230289       49.207870       49.203228       49.180817       49.158413
       49.131371       49.108974       49.086586       49.081940       49.059555
       49.037178       49.032524       49.010155       48.983131       48.987789
       48.960770       48.938416       48.933750       48.911400       48.889053
       48.884384       48.862045
       50.057316       50.034618       50.011925       50.007355       49.984676
       49.962006       49.939342       49.934772       49.912121       49.884907
       49.889481       49.862274       49.839653       49.835075       49.812466
       49.789860       49.785282       49.762688       49.735523       49.740105
       49.712948       49.690380       49.685795       49.663239       49.640686
       49.636101       49.613560       49.586437       49.591026       49.563911
       49.541393       49.536800       49.514294       49.491791       49.487194
       49.464703       49.437614       49.442215       49.415138       49.392666
       49.388062       49.365601       49.343143       49.338531       49.316086
       49.289028       49.293640       49.266594       49.244164       49.239548
       49.217125       49.194710       49.190086       49.167679       49.145271
       49.118248       49.095856       49.073471       49.068840       49.046459
       49.024086       49.019451       48.997082       48.970074       48.974716
       48.947716       48.925362       48.920715       48.898369       48.876022
       48.871372       48.849033
       50.043182       50.020493       49.997814       49.993183       49.970512
       49.947857       49.925205       49.920574       49.897934       49.870667
       49.875301       49.848049       49.825436       49.820797       49.798199
       49.775604       49.770966       49.748383       49.721161       49.725807
       49.698597       49.676041       49.671394       49.648846       49.626305
       49.621655       49.599125       49.571945       49.576599       49.549431
       49.526924       49.522266       49.499767       49.477276       49.472614
       49.450130       49.422985       49.427654       49.400520       49.378059
       49.373386       49.350933       49.328484       49.323811       49.301369
       49.274254       49.278934       49.251831       49.229408       49.224724
       49.202309       49.179901       49.175213       49.152813       49.130417
       49.103333       49.080948       49.058571       49.053871       49.031498
       49.009129       49.004425       48.982063       48.954994       48.959705
       48.932644       48.910297       48.905582       48.883240       48.860905
       48.856182       48.833847
       50.029743       50.007057       49.984383       49.979767       49.957104
       49.934448       49.911804       49.907188       49.884552       49.857307
       49.861923       49.834690       49.812084       49.807461       49.784866
       49.762276       49.757652       49.735073       49.707874       49.712502
       49.685314       49.662758       49.658131       49.635586       49.613049
       49.608414       49.585888       49.558731       49.563366       49.536217
       49.513714       49.509075       49.486576       49.464088       49.459446
       49.436966       49.409840       49.414490       49.387375       49.364918
       49.360264       49.337814       49.315369       49.310711       49.288273
       49.261177       49.265842       49.238754       49.216335       49.211670
       49.189259       49.166851       49.162182       49.139782       49.117390
       49.090324       49.067944       49.045567       49.040886       49.018513
       48.996147       48.991463       48.969101       48.942055       48.946747
       48.919704       48.897362       48.892662       48.870323       48.847988
       48.843285       48.820953
       50.020870       49.998188       49.975513       49.970921       49.948257
       49.925606       49.902962       49.898369       49.875736       49.848515
       49.853111       49.825901       49.803295       49.798698       49.776104
       49.753513       49.748917       49.726337       49.699165       49.703766
       49.676605       49.654053       49.649445       49.626904       49.604366
       49.599758       49.577232       49.550102       49.554710       49.527592
       49.505085       49.500469       49.477978       49.455486       49.450871
       49.428391       49.401295       49.405914       49.378830       49.356369
       49.351742       49.329292       49.306847       49.302216       49.279778
       49.252712       49.257347       49.230289       49.207870       49.203228
       49.180817       49.158413       49.153767       49.131371       49.108974
       49.081940       49.059555       49.037178       49.032524       49.010155
       48.987789       48.983131       48.960770       48.933750       48.938416
       48.911400       48.889053       48.884384       48.862045       48.839706
       48.835033       48.812702
       50.006565       49.983894       49.961231       49.956581       49.933929
       49.911285       49.888649       49.883999       49.861374       49.834103
       49.838760       49.811501       49.788902       49.784245       49.761658
       49.739079       49.734417       49.711849       49.684624       49.689289
       49.662075       49.639530       49.634861       49.612328       49.589802
       49.585129       49.562611       49.535423       49.540100       49.512924
       49.490429       49.485748       49.463264       49.440784       49.436100
       49.413628       49.386475       49.391163       49.364017       49.341568
       49.336876       49.314434       49.291996       49.287296       49.264870
       49.237743       49.242447       49.215328       49.192917       49.188210
       49.165806       49.143410       49.138695       49.116302       49.093918
       49.066818       49.044445       49.022076       49.017353       48.994987
       48.972630       48.967899       48.945549       48.918465       48.923199
       48.896122       48.873783       48.869041       48.846706       48.824379
       48.819630       48.797306
       49.993183       49.970512       49.947857       49.943222       49.920574
       49.897934       49.875301       49.870667       49.848049       49.820797
       49.825436       49.798199       49.775604       49.770966       49.748383
       49.725807       49.721161       49.698597       49.671394       49.676041
       49.648846       49.626305       49.621655       49.599125       49.576599
       49.571945       49.549431       49.522266       49.526924       49.499767
       49.477276       49.472614       49.450130       49.427654       49.422985
       49.400520       49.373386       49.378059       49.350933       49.328484
       49.323811       49.301369       49.278934       49.274254       49.251831
       49.224724       49.229408       49.202309       49.179901       49.175213
       49.152813       49.130417       49.125721       49.103333       49.080948
       49.053871       49.031498       49.009129       49.004425       48.982063
       48.959705       48.954994       48.932644       48.905582       48.910297
       48.883240       48.860905       48.856182       48.833847       48.811520
       48.806793       48.784470
       49.947254       49.924606       49.901966       49.897297       49.874672
       49.852051       49.829441       49.824772       49.802170       49.774902
       49.779579       49.752323       49.729748       49.725071       49.702507
       49.679951       49.675270       49.652725       49.625500       49.630184
       49.602970       49.580448       49.575760       49.553246       49.530739
       49.526047       49.503551       49.476364       49.481060       49.453880
       49.431404       49.426704       49.404236       49.381775       49.377071
       49.354618       49.327461       49.332172       49.305023       49.282589
       49.277874       49.255447       49.233028       49.228310       49.205898
       49.178764       49.183491       49.156364       49.133972       49.129238
       49.106850       49.084469       49.079731       49.057358       49.034985
       49.007877       48.985516       48.963161       48.958412       48.936066
       48.913719       48.908966       48.886627       48.859531       48.864288
       48.837200       48.814873       48.810108       48.787785       48.765469
       48.760693       48.738380
       49.929272       49.906631       49.883999       49.879337       49.856716
       49.834103       49.811501       49.806839       49.784245       49.756992
       49.761658       49.734417       49.711849       49.707184       49.684624
       49.662075       49.657402       49.634861       49.607655       49.612328
       49.585129       49.562611       49.557934       49.535423       49.512924
       49.508240       49.485748       49.458576       49.463264       49.436100
       49.413628       49.408936       49.386475       49.364017       49.359322
       49.336876       49.309731       49.314434       49.287296       49.264870
       49.260162       49.237743       49.215328       49.210617       49.188210
       49.161091       49.165806       49.138695       49.116302       49.111580
       49.089199       49.066818       49.062092       49.039719       49.017353
       48.990257       48.967899       48.945549       48.940811       48.918465
       48.896122       48.891376       48.869041       48.841957       48.846706
       48.819630       48.797306       48.792549       48.770233       48.747917
       48.743153       48.720844
       49.928513       49.905872       49.883244       49.878544       49.855927
       49.833313       49.810711       49.806011       49.783421       49.756130
       49.760838       49.733559       49.710995       49.706284       49.683727
       49.661182       49.656467       49.633930       49.606682       49.611401
       49.584160       49.561646       49.556927       49.534420       49.511921
       49.507195       49.484707       49.457493       49.462223       49.435020
       49.412552       49.407818       49.385357       49.362904       49.358166
       49.335720       49.308533       49.313278       49.286102       49.263676
       49.258926       49.236507       49.214096       49.209339       49.186935
       49.159775       49.164536       49.137383       49.114994       49.110226
       49.087845       49.065468       49.060696       49.038326       49.015961
       48.988823       48.966469       48.944118       48.939335       48.916992
       48.894650       48.889862       48.867527       48.840401       48.845196
       48.818073       48.795753       48.790951       48.768631       48.746319
       48.741508       48.719200
       49.897297       49.874672       49.852051       49.847378       49.824772
       49.802170       49.779579       49.774902       49.752323       49.725071
       49.729748       49.702507       49.679951       49.675270       49.652725
       49.630184       49.625500       49.602970       49.575760       49.580448
       49.553246       49.530739       49.526047       49.503551       49.481060
       49.476364       49.453880       49.426704       49.431404       49.404236
       49.381775       49.377071       49.354618       49.332172       49.327461
       49.305023       49.277874       49.282589       49.255447       49.233028
       49.228310       49.205898       49.183491       49.178764       49.156364
       49.129238       49.133972       49.106850       49.084469       49.079731
       49.057358       49.034985       49.030243       49.007877       48.985516
       48.958412       48.936066       48.913719       48.908966       48.886627
       48.864288       48.859531       48.837200       48.810108       48.814873
       48.787785       48.765469       48.760693       48.738380       48.716072
       48.711292       48.688988
       49.869122       49.846508       49.823902       49.819183       49.796585
       49.773998       49.751419       49.746700       49.724129       49.696846
       49.701569       49.674294       49.651749       49.647022       49.624485
       49.601959       49.597225       49.574707       49.547462       49.552197
       49.524960       49.502464       49.497723       49.475235       49.452755
       49.448009       49.425541       49.398323       49.403076       49.375866
       49.353416       49.348660       49.326218       49.303783       49.299023
       49.276592       49.249401       49.254169       49.226986       49.204578
       49.199806       49.177402       49.155006       49.150227       49.127838
       49.100670       49.105450       49.078289       49.055916       49.051125
       49.028759       49.006393       49.001598       48.979244       48.956890
       48.929741       48.907398       48.885063       48.880253       48.857922
       48.835594       48.830780       48.808456       48.781315       48.786137
       48.759003       48.736691       48.731861       48.709557       48.687252
       48.682419       48.660118
       49.855927       49.833313       49.810711       49.806011       49.783421
       49.760838       49.738262       49.733559       49.710995       49.683727
       49.688435       49.661182       49.638641       49.633930       49.611401
       49.588875       49.584160       49.561646       49.534420       49.539139
       49.511921       49.489429       49.484707       49.462223       49.439747
       49.435020       49.412552       49.385357       49.390091       49.362904
       49.340454       49.335720       49.313278       49.290844       49.286102
       49.263676       49.236507       49.241257       49.214096       49.191689
       49.186935       49.164536       49.142139       49.137383       49.114994
       49.087845       49.092609       49.065468       49.043095       49.038326
       49.015961       48.993599       48.988823       48.966469       48.944118
       48.916992       48.894650       48.872314       48.867527       48.845196
       48.822868       48.818073       48.795753       48.768631       48.773434
       48.746319       48.724010       48.719200       48.696896       48.674595
       48.669781       48.647484
       49.819183       49.796585       49.773998       49.769276       49.746700
       49.724129       49.701569       49.696846       49.674294       49.647022
       49.651749       49.624485       49.601959       49.597225       49.574707
       49.552197       49.547462       49.524960       49.497723       49.502464
       49.475235       49.452755       49.448009       49.425541       49.403076
       49.398323       49.375866       49.348660       49.353416       49.326218
       49.303783       49.299023       49.276592       49.254169       49.249401
       49.226986       49.199806       49.204578       49.177402       49.155006
       49.150227       49.127838       49.105450       49.100670       49.078289
       49.051125       49.055916       49.028759       49.006393       49.001598
       48.979244       48.956890       48.952087       48.929741       48.907398
       48.880253       48.857922       48.835594       48.830780       48.808456
       48.786137       48.781315       48.759003       48.731861       48.736691
       48.709557       48.687252       48.682419       48.660118       48.637825
       48.632980       48.610691
       49.777645       49.755066       49.732494       49.727741       49.705181
       49.682625       49.660080       49.655327       49.632790       49.605503
       49.610260       49.582981       49.560471       49.555706       49.533203
       49.510704       49.505939       49.483452       49.456196       49.460968
       49.433723       49.411259       49.406479       49.384022       49.361568
       49.356789       49.334343       49.307117       49.311905       49.284687
       49.262264       49.257469       49.235054       49.212643       49.207844
       49.185440       49.158234       49.163040       49.135841       49.113457
       49.108646       49.086266       49.063889       49.059074       49.036705
       49.009518       49.014339       48.987160       48.964806       48.959976
       48.937630       48.915283       48.910446       48.888111       48.865776
       48.838604       48.816280       48.793961       48.789112       48.766796
       48.744484       48.739628       48.717319       48.690151       48.695019
       48.667854       48.645557       48.640686       48.618393       48.596107
       48.591225       48.568939
       49.746700       49.724129       49.701569       49.696846       49.674294
       49.651749       49.629211       49.624485       49.601959       49.574707
       49.579437       49.552197       49.529694       49.524960       49.502464
       49.479977       49.475235       49.452755       49.425541       49.430283
       49.403076       49.380615       49.375866       49.353416       49.330971
       49.326218       49.303783       49.276592       49.281353       49.254169
       49.231750       49.226986       49.204578       49.182175       49.177402
       49.155006       49.127838       49.132614       49.105450       49.083073
       49.078289       49.055916       49.033546       49.028759       49.006393
       48.979244       48.984035       48.956890       48.934544       48.929741
       48.907398       48.885063       48.880253       48.857922       48.835594
       48.808456       48.786137       48.763821       48.759003       48.736691
       48.714382       48.709557       48.687252       48.660118       48.664955
       48.637825       48.615532       48.610691       48.588402       48.566116
       48.561268       48.538986
       49.740784       49.718216       49.695656       49.690884       49.668335
       49.645794       49.623260       49.618484       49.595963       49.568665
       49.573444       49.546158       49.523655       49.518871       49.496380
       49.473896       49.469105       49.446629       49.419361       49.424156
       49.396900       49.374447       49.369644       49.347198       49.324757
       49.319950       49.297516       49.270279       49.275089       49.247856
       49.225445       49.220627       49.198219       49.175816       49.170994
       49.148598       49.121380       49.126209       49.098995       49.076618
       49.071781       49.049412       49.027046       49.022202       48.999844
       48.972637       48.977486       48.950287       48.927944       48.923084
       48.900745       48.878410       48.873547       48.851219       48.828892
       48.801701       48.779385       48.757069       48.752193       48.729885
       48.707581       48.702694       48.680393       48.653206       48.658096
       48.630913       48.608624       48.603722       48.581436       48.559155
       48.554245       48.531963
       49.727741       49.705181       49.682625       49.677872       49.655327
       49.632790       49.610260       49.605503       49.582981       49.555706
       49.560471       49.533203       49.510704       49.505939       49.483452
       49.460968       49.456196       49.433723       49.406479       49.411259
       49.384022       49.361568       49.356789       49.334343       49.311905
       49.307117       49.284687       49.257469       49.262264       49.235054
       49.212643       49.207844       49.185440       49.163040       49.158234
       49.135841       49.108646       49.113457       49.086266       49.063889
       49.059074       49.036705       49.014339       49.009518       48.987160
       48.959976       48.964806       48.937630       48.915283       48.910446
       48.888111       48.865776       48.860931       48.838604       48.816280
       48.789112       48.766796       48.744484       48.739628       48.717319
       48.695019       48.690151       48.667854       48.640686       48.645557
       48.618393       48.596107       48.591225       48.568939       48.546658
       48.541771       48.519493
       49.668335       49.645794       49.623260       49.618484       49.595963
       49.573444       49.550938       49.546158       49.523655       49.496380
       49.501163       49.473896       49.451416       49.446629       49.424156
       49.401695       49.396900       49.374447       49.347198       49.351997
       49.324757       49.302322       49.297516       49.275089       49.252666
       49.247856       49.225445       49.198219       49.203033       49.175816
       49.153419       49.148598       49.126209       49.103825       49.098995
       49.076618       49.049412       49.054245       49.027046       49.004684
       48.999844       48.977486       48.955135       48.950287       48.927944
       48.900745       48.905602       48.878410       48.856079       48.851219
       48.828892       48.806568       48.801701       48.779385       48.757069
       48.729885       48.707581       48.685280       48.680393       48.658096
       48.635803       48.630913       48.608624       48.581436       48.586334
       48.559155       48.536873       48.531963       48.509689       48.487415
       48.482498       48.460228
       49.631439       49.608910       49.586391       49.581593       49.559078
       49.536575       49.514076       49.509277       49.486786       49.459499
       49.464306       49.437027       49.414558       49.409748       49.387287
       49.364838       49.360020       49.337574       49.310314       49.315136
       49.287880       49.265457       49.260628       49.238213       49.215797
       49.210964       49.188560       49.161320       49.166161       49.138927
       49.116539       49.111694       49.089314       49.066936       49.062084
       49.039715       49.012489       49.017349       48.990131       48.967777
       48.962910       48.940563       48.918221       48.913345       48.891010
       48.863792       48.868675       48.841465       48.819141       48.814251
       48.791935       48.769619       48.764721       48.742413       48.720104
       48.692898       48.670597       48.648304       48.643391       48.621101
       48.598812       48.593891       48.571609       48.544399       48.549328
       48.522121       48.499844       48.494907       48.472637       48.450367
       48.445423       48.423157
       49.618484       49.595963       49.573444       49.568665       49.546158
       49.523655       49.501163       49.496380       49.473896       49.446629
       49.451416       49.424156       49.401695       49.396900       49.374447
       49.351997       49.347198       49.324757       49.297516       49.302322
       49.275089       49.252666       49.247856       49.225445       49.203033
       49.198219       49.175816       49.148598       49.153419       49.126209
       49.103825       49.098995       49.076618       49.054245       49.049412
       49.027046       48.999844       49.004684       48.977486       48.955135
       48.950287       48.927944       48.905602       48.900745       48.878410
       48.851219       48.856079       48.828892       48.806568       48.801701
       48.779385       48.757069       48.752193       48.729885       48.707581
       48.680393       48.658096       48.635803       48.630913       48.608624
       48.586334       48.581436       48.559155       48.531963       48.536873
       48.509689       48.487415       48.482498       48.460228       48.437962
       48.433037       48.410770
       49.576786       49.554276       49.531773       49.526962       49.504467
       49.481979       49.459499       49.454685       49.432213       49.404926
       49.409748       49.382469       49.360020       49.355194       49.332748
       49.310314       49.305481       49.283051       49.255791       49.260628
       49.233376       49.210964       49.206120       49.183716       49.161320
       49.156471       49.134079       49.106838       49.111694       49.084457
       49.062084       49.057220       49.034851       49.012489       49.007622
       48.985264       48.958035       48.962910       48.935688       48.913345
       48.908463       48.886127       48.863792       48.858902       48.836575
       48.809353       48.814251       48.787037       48.764721       48.759815
       48.737507       48.715199       48.710285       48.687984       48.665688
       48.638470       48.616180       48.593891       48.588963       48.566681
       48.544399       48.539463       48.517185       48.489964       48.494907
       48.467693       48.445423       48.440468       48.418201       48.395939
       48.390976       48.368713
       49.544640       49.522141       49.499649       49.494823       49.472340
       49.449860       49.427391       49.422562       49.400097       49.372807
       49.377640       49.350357       49.327915       49.323074       49.300640
       49.278214       49.273365       49.250942       49.223675       49.228531
       49.201267       49.178867       49.174007       49.151611       49.129223
       49.124355       49.101971       49.074722       49.079594       49.052349
       49.029984       49.025101       49.002743       48.980385       48.975498
       48.953148       48.925911       48.930805       48.903568       48.881233
       48.876331       48.854004       48.831676       48.826767       48.804447
       48.777214       48.782127       48.754902       48.732590       48.727669
       48.705364       48.683064       48.678131       48.655834       48.633541
       48.606312       48.584026       48.561741       48.556793       48.534515
       48.512238       48.507282       48.485008       48.457771       48.462738
       48.435505       48.413239       48.408264       48.386002       48.363743
       48.358757       48.336498
       49.526962       49.504467       49.481979       49.477161       49.454685
       49.432213       49.409748       49.404926       49.382469       49.355194
       49.360020       49.332748       49.310314       49.305481       49.283051
       49.260628       49.255791       49.233376       49.206120       49.210964
       49.183716       49.161320       49.156471       49.134079       49.111694
       49.106838       49.084457       49.057220       49.062084       49.034851
       49.012489       49.007622       48.985264       48.962910       48.958035
       48.935688       48.908463       48.913345       48.886127       48.863792
       48.858902       48.836575       48.814251       48.809353       48.787037
       48.759815       48.764721       48.737507       48.715199       48.710285
       48.687984       48.665688       48.660767       48.638470       48.616180
       48.588963       48.566681       48.544399       48.539463       48.517185
       48.494907       48.489964       48.467693       48.440468       48.445423
       48.418201       48.395939       48.390976       48.368713       48.346455
       48.341484       48.319225
       49.467506       49.445030       49.422562       49.417721       49.395260
       49.372807       49.350357       49.345516       49.323074       49.295792
       49.300640       49.273365       49.250942       49.246090       49.223675
       49.201267       49.196407       49.174007       49.146744       49.151611
       49.124355       49.101971       49.097095       49.074722       49.052349
       49.047466       49.025101       48.997852       49.002743       48.975498
       48.953148       48.948254       48.925911       48.903568       48.898666
       48.876331       48.849094       48.854004       48.826767       48.804447
       48.799530       48.777214       48.754902       48.749977       48.727669
       48.700432       48.705364       48.678131       48.655834       48.650894
       48.628601       48.606312       48.601360       48.579075       48.556793
       48.529556       48.507282       48.485008       48.480042       48.457771
       48.435505       48.430531       48.408264       48.381020       48.386002
       48.358757       48.336498       48.331509       48.309254       48.286999
       48.281998       48.259747
       49.452953       49.430485       49.408020       49.403152       49.380699
       49.358246       49.335804       49.330933       49.308498       49.281193
       49.286068       49.258770       49.236355       49.231472       49.209061
       49.186657       49.181770       49.159374       49.132088       49.136982
       49.109703       49.087322       49.082420       49.060047       49.037678
       49.032772       49.010410       48.983135       48.988052       48.960785
       48.938438       48.933514       48.911171       48.888836       48.883907
       48.861572       48.834309       48.839245       48.811985       48.789665
       48.784721       48.762409       48.740097       48.735146       48.712837
       48.685574       48.690536       48.663277       48.640984       48.636013
       48.613720       48.591434       48.586456       48.564171       48.541893
       48.514626       48.492352       48.470081       48.465084       48.442818
       48.420551       48.415546       48.393280       48.366005       48.371021
       48.343746       48.321491       48.316467       48.294212       48.271961
       48.266930       48.244678
       49.417721       49.395260       49.372807       49.367962       49.345516
       49.323074       49.300640       49.295792       49.273365       49.246090
       49.250942       49.223675       49.201267       49.196407       49.174007
       49.151611       49.146744       49.124355       49.097095       49.101971
       49.074722       49.052349       49.047466       49.025101       49.002743
       48.997852       48.975498       48.948254       48.953148       48.925911
       48.903568       48.898666       48.876331       48.854004       48.849094
       48.826767       48.799530       48.804447       48.777214       48.754902
       48.749977       48.727669       48.705364       48.700432       48.678131
       48.650894       48.655834       48.628601       48.606312       48.601360
       48.579075       48.556793       48.551834       48.529556       48.507282
       48.480042       48.457771       48.435505       48.430531       48.408264
       48.386002       48.381020       48.358757       48.331509       48.336498
       48.309254       48.286999       48.281998       48.259747       48.237495
       48.232483       48.210236
       49.380699       49.358246       49.335804       49.330933       49.308498
       49.286068       49.263645       49.258770       49.236355       49.209061
       49.213943       49.186657       49.164261       49.159374       49.136982
       49.114594       49.109703       49.087322       49.060047       49.064949
       49.037678       49.015316       49.010410       48.988052       48.965698
       48.960785       48.938438       48.911171       48.916096       48.888836
       48.866501       48.861572       48.839245       48.816921       48.811985
       48.789665       48.762409       48.767353       48.740097       48.717793
       48.712837       48.690536       48.668236       48.663277       48.640984
       48.613720       48.618690       48.591434       48.569149       48.564171
       48.541893       48.519615       48.514626       48.492352       48.470081
       48.442818       48.420551       48.398285       48.393280       48.371021
       48.348763       48.343746       48.321491       48.294212       48.299236
       48.271961       48.249710       48.244678       48.222427       48.200180
       48.195137       48.172894
       49.343613       49.321171       49.298737       49.293842       49.271416
       49.248997       49.226582       49.221684       49.199276       49.171970
       49.176876       49.149574       49.127186       49.122272       49.099888
       49.077511       49.072594       49.050220       49.022926       49.027855
       49.000568       48.978210       48.973278       48.950928       48.928581
       48.923641       48.901302       48.874020       48.878967       48.851688
       48.829361       48.824406       48.802082       48.779766       48.774803
       48.752491       48.725208       48.730183       48.702904       48.680603
       48.675621       48.653324       48.631031       48.626041       48.603752
       48.576469       48.581467       48.554188       48.531906       48.526901
       48.504623       48.482349       48.477333       48.455063       48.432796
       48.405506       48.383244       48.360981       48.355949       48.333691
       48.311436       48.306389       48.284138       48.256832       48.261887
       48.234581       48.212334       48.207268       48.185024       48.162777
       48.157703       48.135460
       49.330933       49.308498       49.286068       49.281193       49.258770
       49.236355       49.213943       49.209061       49.186657       49.159374
       49.164261       49.136982       49.114594       49.109703       49.087322
       49.064949       49.060047       49.037678       49.010410       49.015316
       48.988052       48.965698       48.960785       48.938438       48.916096
       48.911171       48.888836       48.861572       48.866501       48.839245
       48.816921       48.811985       48.789665       48.767353       48.762409
       48.740097       48.712837       48.717793       48.690536       48.668236
       48.663277       48.640984       48.618690       48.613720       48.591434
       48.564171       48.569149       48.541893       48.519615       48.514626
       48.492352       48.470081       48.465084       48.442818       48.420551
       48.393280       48.371021       48.348763       48.343746       48.321491
       48.299236       48.294212       48.271961       48.244678       48.249710
       48.222427       48.200180       48.195137       48.172894       48.150650
       48.145596       48.123352
       49.271416       49.248997       49.226582       49.221684       49.199276
       49.176876       49.154476       49.149574       49.127186       49.099888
       49.104801       49.077511       49.055138       49.050220       49.027855
       49.005493       49.000568       48.978210       48.950928       48.955860
       48.928581       48.906242       48.901302       48.878967       48.856636
       48.851688       48.829361       48.802082       48.807041       48.779766
       48.757454       48.752491       48.730183       48.707874       48.702904
       48.680603       48.653324       48.658306       48.631031       48.608742
       48.603752       48.581467       48.559185       48.554188       48.531906
       48.504623       48.509632       48.482349       48.460079       48.455063
       48.432796       48.410530       48.405506       48.383244       48.360981
       48.333691       48.311436       48.289181       48.284138       48.261887
       48.239635       48.234581       48.212334       48.185024       48.190086
       48.162777       48.140533       48.135460       48.113216       48.090977
       48.085892       48.063652
       49.221684       49.199276       49.176876       49.171970       49.149574
       49.127186       49.104801       49.099888       49.077511       49.050220
       49.055138       49.027855       49.005493       49.000568       48.978210
       48.955860       48.950928       48.928581       48.901302       48.906242
       48.878967       48.856636       48.851688       48.829361       48.807041
       48.802082       48.779766       48.752491       48.757454       48.730183
       48.707874       48.702904       48.680603       48.658306       48.653324
       48.631031       48.603752       48.608742       48.581467       48.559185
       48.554188       48.531906       48.509632       48.504623       48.482349
       48.455063       48.460079       48.432796       48.410530       48.405506
       48.383244       48.360981       48.355949       48.333691       48.311436
       48.284138       48.261887       48.239635       48.234581       48.212334
       48.190086       48.185024       48.162777       48.135460       48.140533
       48.113216       48.090977       48.085892       48.063652       48.041412
       48.036316       48.014080
       49.179596       49.157200       49.134808       49.129868       49.107483
       49.085102       49.062729       49.057781       49.035412       49.008095
       49.013050       48.985737       48.963383       48.958424       48.936077
       48.913731       48.908764       48.886425       48.859116       48.864094
       48.836788       48.814465       48.809479       48.787159       48.764847
       48.759853       48.737541       48.710232       48.715237       48.687931
       48.665630       48.660622       48.638329       48.616035       48.611015
       48.588730       48.561417       48.566444       48.539135       48.516857
       48.511822       48.489544       48.467274       48.462227       48.439957
       48.412636       48.417690       48.390369       48.368111       48.363045
       48.340786       48.318527       48.313454       48.291199       48.268944
       48.241608       48.219360       48.197109       48.192017       48.169769
       48.147526       48.142418       48.120174       48.092815       48.097935
       48.070576       48.048336       48.043209       48.020969       47.998730
       47.993591       47.971355
       49.167053       49.144661       49.122272       49.117352       49.094971
       49.072594       49.050220       49.045292       49.022926       48.995632
       49.000568       48.973278       48.950928       48.945988       48.923641
       48.901302       48.896351       48.874020       48.846729       48.851688
       48.824406       48.802082       48.797119       48.774803       48.752491
       48.747517       48.725208       48.697922       48.702904       48.675621
       48.653324       48.648335       48.626041       48.603752       48.598755
       48.576469       48.549179       48.554188       48.526901       48.504623
       48.499607       48.477333       48.455063       48.450039       48.427773
       48.400471       48.405506       48.378208       48.355949       48.350903
       48.328648       48.306389       48.301338       48.279083       48.256832
       48.229519       48.207268       48.185024       48.179947       48.157703
       48.135460       48.130375       48.108131       48.080795       48.085892
       48.058556       48.036316       48.031212       48.008972       47.986736
       47.981621       47.959381
       49.129868       49.107483       49.085102       49.080154       49.057781
       49.035412       49.013050       49.008095       48.985737       48.958424
       48.963383       48.936077       48.913731       48.908764       48.886425
       48.864094       48.859116       48.836788       48.809479       48.814465
       48.787159       48.764847       48.759853       48.737541       48.715237
       48.710232       48.687931       48.660622       48.665630       48.638329
       48.616035       48.611015       48.588730       48.566444       48.561417
       48.539135       48.511822       48.516857       48.489544       48.467274
       48.462227       48.439957       48.417690       48.412636       48.390369
       48.363045       48.368111       48.340786       48.318527       48.313454
       48.291199       48.268944       48.263859       48.241608       48.219360
       48.192017       48.169769       48.147526       48.142418       48.120174
       48.097935       48.092815       48.070576       48.043209       48.048336
       48.020969       47.998730       47.993591       47.971355       47.949116
       47.943966       47.921730
       49.057781       49.035412       49.013050       49.008095       48.985737
       48.963383       48.941036       48.936077       48.913731       48.886425
       48.891396       48.864094       48.841763       48.836788       48.814465
       48.792145       48.787159       48.764847       48.737541       48.742535
       48.715237       48.692932       48.687931       48.665630       48.643337
       48.638329       48.616035       48.588730       48.593746       48.566444
       48.544163       48.539135       48.516857       48.494583       48.489544
       48.467274       48.439957       48.445004       48.417690       48.395428
       48.390369       48.368111       48.345848       48.340786       48.318527
       48.291199       48.296272       48.268944       48.246693       48.241608
       48.219360       48.197109       48.192017       48.169769       48.147526
       48.120174       48.097935       48.075691       48.070576       48.048336
       48.026096       48.020969       47.998730       47.971355       47.976494
       47.949116       47.926880       47.921730       47.899494       47.877254
       47.872097       47.849857
       49.020523       48.998161       48.975803       48.970825       48.948475
       48.926128       48.903786       48.898800       48.876461       48.849136
       48.854130       48.826809       48.804485       48.799480       48.777164
       48.754848       48.749836       48.727528       48.700203       48.705223
       48.677902       48.655602       48.650574       48.628281       48.605988
       48.600948       48.578663       48.551331       48.556377       48.529053
       48.506775       48.501717       48.479443       48.457172       48.452106
       48.429836       48.402493       48.407570       48.380230       48.357967
       48.352882       48.330624       48.308369       48.303272       48.281017
       48.253658       48.258762       48.231407       48.209160       48.204041
       48.181793       48.159550       48.154423       48.132175       48.109932
       48.082554       48.060310       48.038071       48.032921       48.010681
       47.988445       47.983284       47.961044       47.933636       47.938808
       47.911400       47.889160       47.883980       47.861740       47.839504
       47.834309       47.812073
       49.030457       49.008095       48.985737       48.980774       48.958424
       48.936077       48.913731       48.908764       48.886425       48.859116
       48.864094       48.836788       48.814465       48.809479       48.787159
       48.764847       48.759853       48.737541       48.710232       48.715237
       48.687931       48.665630       48.660622       48.638329       48.616035
       48.611015       48.588730       48.561417       48.566444       48.539135
       48.516857       48.511822       48.489544       48.467274       48.462227
       48.439957       48.412636       48.417690       48.390369       48.368111
       48.363045       48.340786       48.318527       48.313454       48.291199
       48.263859       48.268944       48.241608       48.219360       48.214264
       48.192017       48.169769       48.164665       48.142418       48.120174
       48.092815       48.070576       48.048336       48.043209       48.020969
       47.998730       47.993591       47.971355       47.943966       47.949116
       47.921730       47.899494       47.894333       47.872097       47.849857
       47.844688       47.822449
       48.970825       48.948475       48.926128       48.921139       48.898800
       48.876461       48.854130       48.849136       48.826809       48.799480
       48.804485       48.777164       48.754848       48.749836       48.727528
       48.705223       48.700203       48.677902       48.650574       48.655602
       48.628281       48.605988       48.600948       48.578663       48.556377
       48.551331       48.529053       48.501717       48.506775       48.479443
       48.457172       48.452106       48.429836       48.407570       48.402493
       48.380230       48.352882       48.357967       48.330624       48.308369
       48.303272       48.281017       48.258762       48.253658       48.231407
       48.204041       48.209160       48.181793       48.159550       48.154423
       48.132175       48.109932       48.104797       48.082554       48.060310
       48.032921       48.010681       47.988445       47.983284       47.961044
       47.938808       47.933636       47.911400       47.883980       47.889160
       47.861740       47.839504       47.834309       47.812073       47.789833
       47.784630       47.762390
       48.921139       48.898800       48.876461       48.871468       48.849136
       48.826809       48.804485       48.799480       48.777164       48.749836
       48.754848       48.727528       48.705223       48.700203       48.677902
       48.655602       48.650574       48.628281       48.600948       48.605988
       48.578663       48.556377       48.551331       48.529053       48.506775
       48.501717       48.479443       48.452106       48.457172       48.429836
       48.407570       48.402493       48.380230       48.357967       48.352882
       48.330624       48.303272       48.308369       48.281017       48.258762
       48.253658       48.231407       48.209160       48.204041       48.181793
       48.154423       48.159550       48.132175       48.109932       48.104797
       48.082554       48.060310       48.055164       48.032921       48.010681
       47.983284       47.961044       47.938808       47.933636       47.911400
       47.889160       47.883980       47.861740       47.834309       47.839504
       47.812073       47.789833       47.784630       47.762390       47.740150
       47.734932       47.712696
       48.871468       48.849136       48.826809       48.821804       48.799480
       48.777164       48.754848       48.749836       48.727528       48.700203
       48.705223       48.677902       48.655602       48.650574       48.628281
       48.605988       48.600948       48.578663       48.551331       48.556377
       48.529053       48.506775       48.501717       48.479443       48.457172
       48.452106       48.429836       48.402493       48.407570       48.380230
       48.357967       48.352882       48.330624       48.308369       48.303272
       48.281017       48.253658       48.258762       48.231407       48.209160
       48.204041       48.181793       48.159550       48.154423       48.132175
       48.104797       48.109932       48.082554       48.060310       48.055164
       48.032921       48.010681       48.005524       47.983284       47.961044
       47.933636       47.911400       47.889160       47.883980       47.861740
       47.839504       47.834309       47.812073       47.784630       47.789833
       47.762390       47.740150       47.734932       47.712696       47.690453
       47.685223       47.662983
       48.799480       48.777164       48.754848       48.749836       48.727528
       48.705223       48.682922       48.677902       48.655602       48.628281
       48.633308       48.605988       48.583702       48.578663       48.556377
       48.534100       48.529053       48.506775       48.479443       48.484497
       48.457172       48.434902       48.429836       48.407570       48.385307
       48.380230       48.357967       48.330624       48.335709       48.308369
       48.286114       48.281017       48.258762       48.236511       48.231407
       48.209160       48.181793       48.186909       48.159550       48.137302
       48.132175       48.109932       48.087692       48.082554       48.060310
       48.032921       48.038071       48.010681       47.988445       47.983284
       47.961044       47.938808       47.933636       47.911400       47.889160
       47.861740       47.839504       47.817268       47.812073       47.789833
       47.767597       47.762390       47.740150       47.712696       47.717915
       47.690453       47.668213       47.662983       47.640739       47.618500
       47.613255       47.591011
       48.772152       48.749836       48.727528       48.722507       48.700203
       48.677902       48.655602       48.650574       48.628281       48.600948
       48.605988       48.578663       48.556377       48.551331       48.529053
       48.506775       48.501717       48.479443       48.452106       48.457172
       48.429836       48.407570       48.402493       48.380230       48.357967
       48.352882       48.330624       48.303272       48.308369       48.281017
       48.258762       48.253658       48.231407       48.209160       48.204041
       48.181793       48.154423       48.159550       48.132175       48.109932
       48.104797       48.082554       48.060310       48.055164       48.032921
       48.005524       48.010681       47.983284       47.961044       47.955875
       47.933636       47.911400       47.906216       47.883980       47.861740
       47.834309       47.812073       47.789833       47.784630       47.762390
       47.740150       47.734932       47.712696       47.685223       47.690453
       47.662983       47.640739       47.635498       47.613255       47.591011
       47.585754       47.563511
       48.700203       48.677902       48.655602       48.650574       48.628281
       48.605988       48.583702       48.578663       48.556377       48.529053
       48.534100       48.506775       48.484497       48.479443       48.457172
       48.434902       48.429836       48.407570       48.380230       48.385307
       48.357967       48.335709       48.330624       48.308369       48.286114
       48.281017       48.258762       48.231407       48.236511       48.209160
       48.186909       48.181793       48.159550       48.137302       48.132175
       48.109932       48.082554       48.087692       48.060310       48.038071
       48.032921       48.010681       47.988445       47.983284       47.961044
       47.933636       47.938808       47.911400       47.889160       47.883980
       47.861740       47.839504       47.834309       47.812073       47.789833
       47.762390       47.740150       47.717915       47.712696       47.690453
       47.668213       47.662983       47.640739       47.613255       47.618500
       47.591011       47.568768       47.563511       47.541264       47.519016
       47.513748       47.491497
